3.368030000000000257e+01 3.270280000000000138e-06 6.061090000000000211e-09
4.245060000000000144e+01 1.517800000000000105e-06 1.692189999999999923e-09
5.350469999999999970e+01 6.993810000000000341e-07 1.272099999999999981e-09
6.743739999999999668e+01 3.394660000000000038e-07 6.294539999999999648e-10
8.499809999999999377e+01 1.597349999999999940e-07 4.367229999999999921e-10
1.071320000000000050e+02 1.108429999999999954e-07 2.196910000000000016e-10
1.350289999999999964e+02 7.830399999999999760e-08 1.901950000000000086e-10
1.701899999999999977e+02 4.680170000000000145e-08 8.777749999999999751e-11
2.145080000000000098e+02 2.859650000000000067e-08 7.606550000000000218e-11
2.703650000000000091e+02 1.719199999999999936e-08 3.555450000000000244e-11
3.407690000000000055e+02 1.031229999999999964e-08 2.681599999999999883e-11
4.295049999999999955e+02 5.989040000000000238e-09 1.537649999999999855e-11
5.413479999999999563e+02 3.488509999999999982e-09 1.087829999999999980e-11
6.823150000000000546e+02 2.006180000000000200e-09 7.134529999999999893e-12
8.599900000000000091e+02 1.170199999999999950e-09 4.642520000000000296e-12
1.083930000000000064e+03 6.973509999999999838e-10 3.329019999999999885e-12
1.366190000000000055e+03 4.034569999999999955e-10 1.941029999999999859e-12
1.721940000000000055e+03 2.274729999999999909e-10 1.436389999999999901e-12
2.170340000000000146e+03 1.354369999999999998e-10 7.796479999999999713e-13
2.735489999999999782e+03 8.179850000000000451e-11 6.593049999999999862e-13
3.447809999999999945e+03 4.971839999999999785e-11 3.329320000000000196e-13
4.345619999999999891e+03 2.996720000000000018e-11 3.019589999999999859e-13
5.477229999999999563e+03 1.911809999999999949e-11 1.526230000000000000e-13
6.903500000000000000e+03 1.221160000000000019e-11 1.456959999999999883e-13
8.701170000000000073e+03 7.191619999999999602e-12 7.407920000000000357e-14
1.096700000000000000e+04 4.288280000000000384e-12 6.219580000000000141e-14
1.382270000000000073e+04 2.438360000000000124e-12 3.141820000000000238e-14
1.742220000000000073e+04 1.413339999999999913e-12 2.748969999999999860e-14
2.195890000000000146e+04 7.636950000000000089e-13 1.316570000000000013e-14
2.767700000000000000e+04 4.150650000000000090e-13 1.041070000000000013e-14
3.488409999999999854e+04 2.305279999999999846e-13 6.235470000000000326e-15
4.396800000000000000e+04 1.312519999999999894e-13 3.905049999999999823e-15
5.541719999999999709e+04 7.588110000000000470e-14 3.430820000000000004e-15
6.984789999999999418e+04 3.832150000000000236e-14 1.625830000000000033e-15
8.803630000000000291e+04 1.997979999999999858e-14 1.353289999999999947e-15
1.109610000000000000e+05 9.952010000000000563e-15 6.910329999999999621e-16
1.398550000000000000e+05 4.883069999999999887e-15 4.425390000000000208e-16
1.762730000000000000e+05 2.464009999999999978e-15 3.302949999999999762e-16
2.221750000000000000e+05 1.038839999999999936e-15 1.733929999999999956e-16
2.800290000000000000e+05 4.167889999999999968e-16 1.176690000000000046e-16
3.529490000000000000e+05 1.689819999999999965e-16 7.242489999999999432e-17
4.448570000000000000e+05 6.835930000000000572e-17 3.984950000000000047e-17
5.606980000000000000e+05 2.766689999999999875e-17 2.048269999999999964e-17
7.067040000000000000e+05 1.119639999999999999e-17 1.006739999999999929e-17
8.907290000000000000e+05 4.531129999999999709e-18 4.797539999999999819e-18
1.000000000000000000e+06 2.882498367349458322e-18 0.000000000000000000e+00
2.000000000000000000e+06 1.919043922433845132e-19 0.000000000000000000e+00
3.000000000000000000e+06 3.933406298551023041e-20 0.000000000000000000e+00
