3.368030000000000257e+01 6.368160000000000029e-07 5.343970000000000107e-09
4.245060000000000144e+01 4.215279999999999878e-07 2.099239999999999877e-09
5.350469999999999970e+01 2.805449999999999753e-07 1.394790000000000102e-09
6.743739999999999668e+01 1.803300000000000008e-07 8.158620000000000308e-10
8.499809999999999377e+01 1.121279999999999966e-07 5.524090000000000515e-10
1.071320000000000050e+02 7.413749999999999798e-08 2.683729999999999996e-10
1.350289999999999964e+02 4.942349999999999916e-08 2.265419999999999917e-10
1.701899999999999977e+02 3.088569999999999975e-08 1.071739999999999987e-10
2.145080000000000098e+02 1.943459999999999987e-08 9.413479999999999426e-11
2.703650000000000091e+02 1.243639999999999978e-08 4.009819999999999730e-11
3.407690000000000055e+02 7.847239999999999467e-09 2.905069999999999939e-11
4.295049999999999955e+02 4.675729999999999941e-09 1.621990000000000039e-11
5.413479999999999563e+02 2.721379999999999964e-09 1.140249999999999953e-11
6.823150000000000546e+02 1.399630000000000056e-09 7.108539999999999920e-12
8.599900000000000091e+02 8.249459999999999966e-10 4.634090000000000098e-12
1.083930000000000064e+03 5.925800000000000361e-10 3.587520000000000045e-12
1.366190000000000055e+03 3.360350000000000188e-10 2.080639999999999907e-12
1.721940000000000055e+03 1.636480000000000071e-10 1.431960000000000090e-12
2.170340000000000146e+03 9.156980000000000105e-11 7.675070000000000132e-13
2.735489999999999782e+03 5.292150000000000306e-11 6.784079999999999907e-13
3.447809999999999945e+03 3.002360000000000063e-11 3.384109999999999905e-13
4.345619999999999891e+03 1.673520000000000002e-11 3.000949999999999951e-13
5.477229999999999563e+03 1.053789999999999935e-11 1.511020000000000008e-13
6.903500000000000000e+03 6.607270000000000381e-12 1.425179999999999891e-13
8.701170000000000073e+03 3.686420000000000361e-12 7.177680000000000623e-14
1.096700000000000000e+04 2.108190000000000128e-12 5.870540000000000449e-14
1.382270000000000073e+04 1.236840000000000009e-12 3.060829999999999843e-14
1.742220000000000073e+04 7.303339999999999655e-13 2.728759999999999951e-14
2.195890000000000146e+04 4.001680000000000070e-13 1.312759999999999977e-14
2.767700000000000000e+04 2.212620000000000017e-13 1.045819999999999943e-14
3.488409999999999854e+04 1.225869999999999955e-13 6.257029999999999833e-15
4.396800000000000000e+04 6.812689999999999873e-14 3.879670000000000188e-15
5.541719999999999709e+04 3.823549999999999899e-14 3.321040000000000022e-15
6.984789999999999418e+04 1.998909999999999974e-14 1.675310000000000001e-15
8.803630000000000291e+04 1.084359999999999973e-14 1.473339999999999995e-15
1.109610000000000000e+05 4.985949999999999697e-15 7.733799999999999570e-16
1.398550000000000000e+05 2.173490000000000141e-15 5.393109999999999986e-16
1.762730000000000000e+05 9.955750000000000107e-16 3.790610000000000078e-16
2.221750000000000000e+05 3.406260000000000054e-16 1.809340000000000081e-16
2.800290000000000000e+05 1.080159999999999959e-16 1.075160000000000001e-16
3.529490000000000000e+05 3.484579999999999989e-17 5.359649999999999981e-17
4.448570000000000000e+05 1.119740000000000021e-17 2.350710000000000028e-17
5.606980000000000000e+05 3.601409999999999698e-18 9.606399999999999975e-18
7.067040000000000000e+05 1.158079999999999965e-18 3.750689999999999877e-18
8.907290000000000000e+05 3.724129999999999978e-19 1.419569999999999951e-18
1.000000000000000000e+06 2.111864614832756199e-19 0.000000000000000000e+00
2.000000000000000000e+06 7.062317506654198093e-21 0.000000000000000000e+00
3.000000000000000000e+06 9.676249513266193409e-22 0.000000000000000000e+00
