3.368030000000000257e+01 2.391899999999999918e-06 4.117450000000000087e-09
4.245060000000000144e+01 1.159850000000000000e-06 1.198599999999999976e-09
5.350469999999999970e+01 5.585730000000000347e-07 8.971500000000000504e-10
6.743739999999999668e+01 2.824320000000000239e-07 4.561879999999999864e-10
8.499809999999999377e+01 1.398790000000000047e-07 3.229429999999999983e-10
1.071320000000000050e+02 9.446350000000000410e-08 1.603430000000000118e-10
1.350289999999999964e+02 6.478749999999999698e-08 1.387100000000000049e-10
1.701899999999999977e+02 3.856290000000000050e-08 6.389420000000000617e-11
2.145080000000000098e+02 2.336849999999999845e-08 5.499069999999999913e-11
2.703650000000000091e+02 1.416389999999999986e-08 2.442400000000000013e-11
3.407690000000000055e+02 8.537000000000000608e-09 1.796410000000000016e-11
4.295049999999999955e+02 4.983839999999999614e-09 1.008359999999999956e-11
5.413479999999999563e+02 2.904250000000000181e-09 7.100210000000000096e-12
6.823150000000000546e+02 1.650120000000000088e-09 4.617769999999999619e-12
8.599900000000000091e+02 9.499150000000000228e-10 2.977139999999999974e-12
1.083930000000000064e+03 5.562130000000000106e-10 2.144920000000000114e-12
1.366190000000000055e+03 3.146119999999999782e-10 1.238479999999999990e-12
1.721940000000000055e+03 1.720060000000000004e-10 9.229299999999999862e-13
2.170340000000000146e+03 1.018449999999999983e-10 5.008239999999999670e-13
2.735489999999999782e+03 6.215390000000000237e-11 4.315859999999999949e-13
3.447809999999999945e+03 3.621620000000000233e-11 2.138569999999999944e-13
4.345619999999999891e+03 2.085849999999999963e-11 1.899649999999999888e-13
5.477229999999999563e+03 1.302349999999999999e-11 9.534490000000000200e-14
6.903500000000000000e+03 8.063710000000000181e-12 8.912070000000000314e-14
8.701170000000000073e+03 4.857939999999999796e-12 4.579329999999999885e-14
1.096700000000000000e+04 2.935879999999999805e-12 3.877070000000000185e-14
1.382270000000000073e+04 1.715030000000000014e-12 1.965510000000000023e-14
1.742220000000000073e+04 1.017330000000000069e-12 1.738570000000000007e-14
2.195890000000000146e+04 5.679259999999999976e-13 8.424030000000000532e-15
2.767700000000000000e+04 3.204180000000000186e-13 6.763620000000000044e-15
3.488409999999999854e+04 1.772979999999999934e-13 4.044210000000000294e-15
4.396800000000000000e+04 9.598589999999999644e-14 2.468170000000000030e-15
5.541719999999999709e+04 5.235799999999999763e-14 2.058729999999999830e-15
6.984789999999999418e+04 2.789789999999999920e-14 1.006530000000000008e-15
8.803630000000000291e+04 1.504300000000000088e-14 8.550080000000000283e-16
1.109610000000000000e+05 7.700369999999999340e-15 4.312240000000000036e-16
1.398550000000000000e+05 3.902450000000000136e-15 2.530269999999999895e-16
1.762730000000000000e+05 1.916650000000000093e-15 1.780479999999999943e-16
2.221750000000000000e+05 1.184669999999999980e-15 1.069340000000000012e-16
2.800290000000000000e+05 7.846869999999999847e-16 6.342509999999999695e-17
3.529490000000000000e+05 5.131940000000000320e-16 4.450459999999999968e-17
4.448570000000000000e+05 3.364150000000000145e-16 3.545839999999999923e-17
5.606980000000000000e+05 2.204359999999999940e-16 2.899379999999999744e-17
7.067040000000000000e+05 1.444529999999999878e-16 2.333349999999999991e-17
8.907290000000000000e+05 9.465900000000000145e-17 1.832719999999999905e-17
1.000000000000000000e+06 7.662648064809261356e-17 0.000000000000000000e+00
2.000000000000000000e+06 2.160664747654309252e-17 0.000000000000000000e+00
3.000000000000000000e+06 1.030338621912134755e-17 0.000000000000000000e+00
