3.368030000000000257e+01 7.824189999999999707e-06 3.080639999999999817e-09
4.245060000000000144e+01 3.853719999999999756e-06 9.143840000000000345e-10
5.350469999999999970e+01 1.995370000000000006e-06 8.033459999999999884e-10
6.743739999999999668e+01 7.195229999999999506e-07 3.769610000000000179e-10
8.499809999999999377e+01 1.828610000000000120e-07 1.982800000000000122e-10
1.071320000000000050e+02 1.233369999999999880e-07 1.081400000000000009e-10
1.350289999999999964e+02 8.151660000000000614e-08 1.039160000000000059e-10
1.701899999999999977e+02 4.618320000000000157e-08 5.040049999999999956e-11
2.145080000000000098e+02 2.665810000000000165e-08 4.404640000000000183e-11
2.703650000000000091e+02 1.564780000000000132e-08 2.035679999999999905e-11
3.407690000000000055e+02 9.169259999999999416e-09 1.507539999999999855e-11
4.295049999999999955e+02 5.427589999999999866e-09 8.699059999999999892e-12
5.413479999999999563e+02 3.201379999999999961e-09 6.215670000000000312e-12
6.823150000000000546e+02 1.889889999999999974e-09 4.183060000000000151e-12
8.599900000000000091e+02 1.090409999999999960e-09 2.719830000000000135e-12
1.083930000000000064e+03 6.125500000000000199e-10 1.955529999999999847e-12
1.366190000000000055e+03 3.352959999999999865e-10 1.109949999999999930e-12
1.721940000000000055e+03 1.767560000000000098e-10 8.298580000000000168e-13
2.170340000000000146e+03 1.024839999999999999e-10 4.460149999999999933e-13
2.735489999999999782e+03 6.096589999999999572e-11 3.824440000000000211e-13
3.447809999999999945e+03 3.659730000000000038e-11 1.916959999999999942e-13
4.345619999999999891e+03 2.172179999999999899e-11 1.721079999999999922e-13
5.477229999999999563e+03 1.394329999999999936e-11 8.665730000000000023e-14
6.903500000000000000e+03 8.882750000000000293e-12 8.190570000000000561e-14
8.701170000000000073e+03 5.492069999999999639e-12 4.181399999999999985e-14
1.096700000000000000e+04 3.406640000000000113e-12 3.583979999999999992e-14
1.382270000000000073e+04 2.057719999999999839e-12 1.809379999999999910e-14
1.742220000000000073e+04 1.228109999999999904e-12 1.575930000000000031e-14
2.195890000000000146e+04 8.181019999999999607e-13 8.211039999999999412e-15
2.767700000000000000e+04 5.337659999999999695e-13 6.580690000000000047e-15
3.488409999999999854e+04 3.659750000000000132e-13 4.679730000000000018e-15
4.396800000000000000e+04 2.653750000000000178e-13 2.895389999999999900e-15
5.541719999999999709e+04 1.924209999999999987e-13 2.901359999999999877e-15
6.984789999999999418e+04 1.314109999999999891e-13 1.454750000000000022e-15
8.803630000000000291e+04 8.800859999999999518e-14 1.240959999999999954e-15
1.109610000000000000e+05 7.095700000000000502e-14 9.158879999999999447e-16
1.398550000000000000e+05 6.001370000000000408e-14 6.260350000000000250e-16
1.762730000000000000e+05 5.437339999999999957e-14 6.676469999999999604e-16
2.221750000000000000e+05 3.102880000000000280e-14 3.734099999999999875e-16
2.800290000000000000e+05 1.538399999999999912e-14 1.818619999999999957e-16
3.529490000000000000e+05 7.841139999999999456e-15 1.105359999999999979e-16
4.448570000000000000e+05 3.974729999999999804e-15 7.129640000000000221e-17
5.606980000000000000e+05 2.017010000000000012e-15 4.549810000000000290e-17
7.067040000000000000e+05 1.023330000000000005e-15 2.821040000000000205e-17
8.907290000000000000e+05 5.192069999999999583e-16 1.702440000000000010e-17
1.000000000000000000e+06 3.698297315270784546e-16 0.000000000000000000e+00
2.000000000000000000e+06 4.846464614424464562e-17 0.000000000000000000e+00
3.000000000000000000e+06 1.476218787366611966e-17 0.000000000000000000e+00
