34.171 1.4579e-06 4.68767e-09
44.3332 8.54896e-07 1.70505e-09
57.5177 5.07016e-07 1.01362e-09
74.6231 2.75826e-07 5.59433e-10
96.8155 1.41203e-07 3.16691e-10
125.608 7.86143e-08 1.83415e-10
162.963 4.29525e-08 1.20212e-10
211.427 2.24611e-08 6.72537e-11
274.305 1.19e-08 4.70577e-11
355.881 6.30756e-09 2.687e-11
461.718 3.3484e-09 1.8809e-11
599.03 1.77025e-09 1.06995e-11
777.179 9.10747e-10 7.22531e-12
1008.31 4.90457e-10 4.13288e-12
1308.17 2.79756e-10 2.92276e-12
1697.21 1.37719e-10 1.54533e-12
2201.96 6.86654e-11 1.02268e-12
2856.81 4.01161e-11 6.23586e-13
3706.4 2.45715e-11 4.28564e-13
4808.67 1.4427e-11 2.58072e-13
6238.74 8.75326e-12 1.71446e-13
8094.1 5.74118e-12 1.15507e-13
10501.2 3.33776e-12 7.53985e-14
13624.2 1.94409e-12 4.584e-14
17676 1.09892e-12 3.13904e-14
22932.8 5.83224e-13 1.76658e-14
29752.8 3.3477e-13 1.28342e-14
38601.2 1.82552e-13 7.6441e-15
50080.9 8.58126e-14 5.05512e-15
64974.7 4.16789e-14 2.68988e-15
84297.8 2.38809e-14 2.13699e-15
109367 1.19368e-14 1.22987e-15
141893 4.59724e-15 7.64247e-16
184091 1.95233e-15 3.71761e-16
238838 1.10233e-15 3.27427e-16
309868 4.17106e-16 1.57626e-16
402020 9.28973e-17 6.74721e-17
521579 5.00995e-17 3.67521e-17
676694 5.69541e-17 2.78071e-17
877938 5.75258e-17 4.30415e-17
