3.368030000000000257e+01 1.567970000000000083e-06 4.444650000000000363e-09
4.245060000000000144e+01 8.169499999999999667e-07 1.386060000000000071e-09
5.350469999999999970e+01 4.233300000000000194e-07 1.028300000000000058e-09
6.743739999999999668e+01 2.278229999999999880e-07 5.482720000000000274e-10
8.499809999999999377e+01 1.203729999999999887e-07 4.007309999999999782e-10
1.071320000000000050e+02 8.177670000000000196e-08 2.025709999999999873e-10
1.350289999999999964e+02 5.595419999999999688e-08 1.788669999999999987e-10
1.701899999999999977e+02 3.537690000000000095e-08 8.570440000000000547e-11
2.145080000000000098e+02 2.261729999999999964e-08 7.655680000000000595e-11
2.703650000000000091e+02 1.413420000000000026e-08 3.322890000000000273e-11
3.407690000000000055e+02 8.777760000000000509e-09 2.441400000000000159e-11
4.295049999999999955e+02 5.146159999999999939e-09 1.383329999999999923e-11
5.413479999999999563e+02 2.966919999999999925e-09 9.705379999999999990e-12
6.823150000000000546e+02 1.545130000000000019e-09 6.173499999999999897e-12
8.599900000000000091e+02 9.049460000000000305e-10 4.021069999999999950e-12
1.083930000000000064e+03 6.296939999999999557e-10 3.132639999999999867e-12
1.366190000000000055e+03 3.558479999999999999e-10 1.817480000000000047e-12
1.721940000000000055e+03 1.757089999999999978e-10 1.270539999999999956e-12
2.170340000000000146e+03 9.861050000000000032e-11 6.801899999999999522e-13
2.735489999999999782e+03 5.718300000000000302e-11 5.990669999999999757e-13
3.447809999999999945e+03 3.213129999999999739e-11 2.982380000000000061e-13
4.345619999999999891e+03 1.764260000000000158e-11 2.622800000000000194e-13
5.477229999999999563e+03 1.134009999999999931e-11 1.324640000000000099e-13
6.903500000000000000e+03 7.167559999999999804e-12 1.243739999999999909e-13
8.701170000000000073e+03 4.316809999999999657e-12 6.360169999999999848e-14
1.096700000000000000e+04 2.621530000000000039e-12 5.400569999999999954e-14
1.382270000000000073e+04 1.566129999999999911e-12 2.772189999999999949e-14
1.742220000000000073e+04 9.461190000000000401e-13 2.483680000000000000e-14
2.195890000000000146e+04 5.414520000000000237e-13 1.205239999999999997e-14
2.767700000000000000e+04 3.117559999999999895e-13 9.612220000000000617e-15
3.488409999999999854e+04 1.802949999999999906e-13 5.937910000000000280e-15
4.396800000000000000e+04 1.046319999999999978e-13 3.608369999999999901e-15
5.541719999999999709e+04 6.188299999999999996e-14 3.198950000000000044e-15
6.984789999999999418e+04 3.208080000000000175e-14 1.459329999999999990e-15
8.803630000000000291e+04 1.657069999999999926e-14 1.155119999999999924e-15
1.109610000000000000e+05 1.036760000000000068e-14 6.755429999999999806e-16
1.398550000000000000e+05 6.905929999999999786e-15 4.063630000000000124e-16
1.762730000000000000e+05 4.545239999999999681e-15 3.429909999999999955e-16
2.221750000000000000e+05 3.008019999999999918e-15 2.193289999999999890e-16
2.800290000000000000e+05 1.992030000000000146e-15 1.283660000000000086e-16
3.529490000000000000e+05 1.319040000000000032e-15 8.948820000000000428e-17
4.448570000000000000e+05 8.734289999999999583e-16 7.131839999999999793e-17
5.606980000000000000e+05 5.783579999999999604e-16 5.882800000000000159e-17
7.067040000000000000e+05 3.829720000000000234e-16 4.789300000000000239e-17
8.907290000000000000e+05 2.535919999999999800e-16 3.807799999999999722e-17
1.000000000000000000e+06 2.063569609612990159e-16 0.000000000000000000e+00
2.000000000000000000e+06 6.003505076145647067e-17 0.000000000000000000e+00
3.000000000000000000e+06 2.915678663402659882e-17 0.000000000000000000e+00
