3.368030000000000257e+01 4.117269999999999968e-06 3.643999999999999824e-09
4.245060000000000144e+01 2.306600000000000074e-06 1.222950000000000001e-09
5.350469999999999970e+01 1.317699999999999895e-06 1.026169999999999983e-09
6.743739999999999668e+01 6.589699999999999775e-07 5.370709999999999955e-10
8.499809999999999377e+01 2.875089999999999840e-07 3.703579999999999840e-10
1.071320000000000050e+02 1.761679999999999930e-07 1.837590000000000114e-10
1.350289999999999964e+02 1.068360000000000045e-07 1.625379999999999975e-10
1.701899999999999977e+02 6.335560000000000650e-08 8.017960000000000300e-11
2.145080000000000098e+02 3.784609999999999900e-08 7.136099999999999532e-11
2.703650000000000091e+02 2.097330000000000160e-08 3.149080000000000229e-11
3.407690000000000055e+02 1.185530000000000062e-08 2.261329999999999857e-11
4.295049999999999955e+02 6.910410000000000335e-09 1.298869999999999937e-11
5.413479999999999563e+02 4.000490000000000110e-09 9.148889999999999400e-12
6.823150000000000546e+02 2.337909999999999840e-09 6.250200000000000166e-12
8.599900000000000091e+02 1.297520000000000085e-09 3.965900000000000297e-12
1.083930000000000064e+03 6.666259999999999684e-10 2.773189999999999819e-12
1.366190000000000055e+03 3.598609999999999943e-10 1.564880000000000093e-12
1.721940000000000055e+03 1.970479999999999900e-10 1.230960000000000038e-12
2.170340000000000146e+03 1.118750000000000014e-10 6.599129999999999771e-13
2.735489999999999782e+03 6.445700000000000292e-11 5.669229999999999866e-13
3.447809999999999945e+03 3.677990000000000164e-11 2.814350000000000019e-13
4.345619999999999891e+03 2.062059999999999960e-11 2.486620000000000162e-13
5.477229999999999563e+03 1.300279999999999948e-11 1.254900000000000035e-13
6.903500000000000000e+03 8.066789999999999396e-12 1.171719999999999878e-13
8.701170000000000073e+03 4.986929999999999633e-12 6.030570000000000172e-14
1.096700000000000000e+04 3.078299999999999919e-12 5.161789999999999809e-14
1.382270000000000073e+04 1.857109999999999950e-12 2.609180000000000008e-14
1.742220000000000073e+04 1.105500000000000086e-12 2.270019999999999916e-14
2.195890000000000146e+04 7.380020000000000294e-13 1.181250000000000015e-14
2.767700000000000000e+04 4.849330000000000502e-13 9.475029999999999664e-15
3.488409999999999854e+04 3.234040000000000021e-13 6.566200000000000082e-15
4.396800000000000000e+04 2.198090000000000028e-13 3.925830000000000133e-15
5.541719999999999709e+04 1.457609999999999986e-13 3.653189999999999710e-15
6.984789999999999418e+04 1.105100000000000007e-13 1.960349999999999994e-15
8.803630000000000291e+04 7.930560000000000187e-14 1.688659999999999912e-15
1.109610000000000000e+05 6.923379999999999626e-14 1.337979999999999902e-15
1.398550000000000000e+05 6.347599999999999883e-14 9.383530000000000051e-16
1.762730000000000000e+05 6.234280000000000321e-14 1.023899999999999934e-15
2.221750000000000000e+05 3.906370000000000247e-14 6.201589999999999863e-16
2.800290000000000000e+05 2.128759999999999984e-14 3.115349999999999928e-16
3.529490000000000000e+05 1.191410000000000007e-14 1.942699999999999993e-16
4.448570000000000000e+05 6.633780000000000285e-15 1.338610000000000121e-16
5.606980000000000000e+05 3.697359999999999795e-15 9.339410000000000134e-17
7.067040000000000000e+05 2.060339999999999870e-15 6.378770000000000456e-17
8.907290000000000000e+05 1.148159999999999906e-15 4.247480000000000143e-17
1.000000000000000000e+06 8.571033556015184225e-16 0.000000000000000000e+00
2.000000000000000000e+06 1.487552118446257733e-16 0.000000000000000000e+00
3.000000000000000000e+06 5.340384461051373970e-17 0.000000000000000000e+00
