34.171 4.09299e-06 3.17544e-09
44.3332 2.12316e-06 1.05931e-09
57.5177 1.11273e-06 7.67325e-10
74.6231 5.40257e-07 4.08446e-10
96.8155 2.43881e-07 2.57324e-10
125.608 1.29577e-07 1.46275e-10
162.963 7.40559e-08 1.05278e-10
211.427 3.87132e-08 5.9115e-11
274.305 2.00972e-08 4.05511e-11
355.881 1.08921e-08 2.36036e-11
461.718 5.93435e-09 1.67371e-11
599.03 3.10853e-09 9.54081e-12
777.179 1.61097e-09 6.81336e-12
1008.31 7.88525e-10 3.67176e-12
1308.17 4.03935e-10 2.66659e-12
1697.21 2.03404e-10 1.49975e-12
2201.96 9.45659e-11 1.0305e-12
2856.81 4.66256e-11 5.41997e-13
3706.4 2.74039e-11 3.89277e-13
4808.67 1.80714e-11 2.6123e-13
6238.74 1.22401e-11 1.72957e-13
8094.1 9.07402e-12 1.28053e-13
10501.2 6.07102e-12 8.67768e-14
13624.2 3.70771e-12 5.4433e-14
17676 2.0728e-12 3.59131e-14
22932.8 1.1352e-12 2.05233e-14
29752.8 6.65679e-13 1.42073e-14
38601.2 3.92953e-13 8.75707e-15
50080.9 2.23512e-13 5.90099e-15
64974.7 1.34615e-13 3.66995e-15
84297.8 8.89235e-14 2.68644e-15
109367 6.10107e-14 1.87459e-15
141893 4.70938e-14 1.50822e-15
184091 3.26338e-14 1.07851e-15
238838 2.04615e-14 8.03808e-16
309868 1.03485e-14 4.45724e-16
402020 4.28444e-15 2.67542e-16
521579 2.00151e-15 1.33652e-16
676694 9.83435e-16 8.16379e-17
877938 4.78483e-16 6.49107e-17
