34.171 5.23273e-06 3.56535e-09
44.3332 2.65894e-06 1.16905e-09
57.5177 1.37049e-06 8.50461e-10
74.6231 6.2949e-07 4.3194e-10
96.8155 2.60459e-07 2.55869e-10
125.608 1.33242e-07 1.40793e-10
162.963 7.4816e-08 1.01325e-10
211.427 3.8703e-08 5.66085e-11
274.305 2.04568e-08 4.02046e-11
355.881 1.11734e-08 2.36004e-11
461.718 6.11619e-09 1.67818e-11
599.03 3.3518e-09 9.93815e-12
777.179 1.7899e-09 7.12047e-12
1008.31 8.73659e-10 3.8194e-12
1308.17 4.50845e-10 2.79263e-12
1697.21 2.3262e-10 1.57312e-12
2201.96 1.14764e-10 1.06051e-12
2856.81 6.14282e-11 5.99864e-13
3706.4 3.57973e-11 4.16616e-13
4808.67 2.20778e-11 2.6259e-13
6238.74 1.47167e-11 1.79943e-13
8094.1 1.0641e-11 1.31373e-13
10501.2 6.68365e-12 8.65675e-14
13624.2 4.01809e-12 5.35182e-14
17676 2.364e-12 3.65649e-14
22932.8 1.29025e-12 2.08292e-14
29752.8 7.39246e-13 1.42154e-14
38601.2 4.63292e-13 9.27526e-15
50080.9 2.795e-13 6.49469e-15
64974.7 1.61117e-13 3.89806e-15
84297.8 9.84459e-14 2.80081e-15
109367 6.32055e-14 1.85845e-15
141893 4.38005e-14 1.44047e-15
184091 2.78683e-14 9.57431e-16
238838 1.71402e-14 7.17694e-16
309868 8.66765e-15 3.97126e-16
402020 3.42695e-15 2.24557e-16
521579 1.63935e-15 1.12294e-16
676694 8.97322e-16 6.76529e-17
877938 4.78803e-16 5.85973e-17
