34.171 1.66066e-06 3.46666e-09
44.3332 9.36493e-07 1.22264e-09
57.5177 5.30265e-07 7.63669e-10
74.6231 2.79385e-07 4.18433e-10
96.8155 1.40811e-07 2.52894e-10
125.608 8.15351e-08 1.51806e-10
162.963 4.95935e-08 1.04162e-10
211.427 2.83006e-08 6.19382e-11
274.305 1.60989e-08 4.22084e-11
355.881 8.88884e-09 2.48473e-11
461.718 4.74519e-09 1.72727e-11
599.03 2.44471e-09 9.60703e-12
777.179 1.26899e-09 6.66053e-12
1008.31 7.62566e-10 4.22945e-12
1308.17 4.50645e-10 3.00149e-12
1697.21 2.13583e-10 1.56761e-12
2201.96 1.02067e-10 1.10088e-12
2856.81 5.25328e-11 6.16187e-13
3706.4 2.87195e-11 4.49637e-13
4808.67 1.59211e-11 2.59024e-13
6238.74 1.00635e-11 1.78248e-13
8094.1 7.45537e-12 1.35017e-13
10501.2 4.49386e-12 8.908e-14
13624.2 2.60641e-12 5.40844e-14
17676 1.43228e-12 3.69858e-14
22932.8 7.30746e-13 1.99744e-14
29752.8 4.30558e-13 1.46237e-14
38601.2 2.35851e-13 8.76864e-15
50080.9 1.03869e-13 5.50139e-15
64974.7 4.84637e-14 2.83536e-15
84297.8 2.60615e-14 2.17115e-15
109367 1.25415e-14 1.17918e-15
141893 5.28758e-15 7.57475e-16
184091 2.53213e-15 3.96737e-16
238838 1.5707e-15 3.33498e-16
309868 8.09985e-16 1.9116e-16
402020 3.14985e-16 1.09158e-16
521579 1.96709e-16 6.88543e-17
676694 1.86355e-16 5.18849e-17
877938 1.64971e-16 7.23889e-17
