34.171 2.6276e-06 4.21896e-09
44.3332 1.27955e-06 1.31042e-09
57.5177 6.21698e-07 8.32514e-10
74.6231 3.03252e-07 4.30812e-10
96.8155 1.49941e-07 2.62897e-10
125.608 8.49564e-08 1.55071e-10
162.963 5.08872e-08 1.05963e-10
211.427 2.79974e-08 6.15425e-11
274.305 1.52976e-08 4.2708e-11
355.881 8.19386e-09 2.46754e-11
461.718 4.28526e-09 1.73032e-11
599.03 2.25271e-09 9.88038e-12
777.179 1.16188e-09 6.91925e-12
1008.31 6.09148e-10 3.92467e-12
1308.17 3.26978e-10 2.80612e-12
1697.21 1.58134e-10 1.47071e-12
2201.96 8.04654e-11 1.00865e-12
2856.81 4.66191e-11 6.12546e-13
3706.4 2.75165e-11 4.13756e-13
4808.67 1.64132e-11 2.51374e-13
6238.74 1.05507e-11 1.66411e-13
8094.1 7.43554e-12 1.18244e-13
10501.2 4.80706e-12 7.92296e-14
13624.2 2.92345e-12 4.9805e-14
17676 1.63519e-12 3.35175e-14
22932.8 8.60742e-13 1.87246e-14
29752.8 4.82328e-13 1.33668e-14
38601.2 2.66494e-13 7.99902e-15
50080.9 1.31204e-13 5.36114e-15
64974.7 6.63128e-14 2.90952e-15
84297.8 3.91413e-14 2.21413e-15
109367 2.16507e-14 1.32883e-15
141893 9.70813e-15 8.13937e-16
184091 5.16156e-15 4.52005e-16
238838 3.86395e-15 3.77051e-16
309868 2.38515e-15 2.42803e-16
402020 1.13672e-15 1.40303e-16
521579 6.5852e-16 8.18873e-17
676694 4.47901e-16 4.99166e-17
877938 2.96123e-16 5.27096e-17
