3.368030000000000257e+01 9.684459999999999092e-07 3.923780000000000279e-09
4.245060000000000144e+01 5.591189999999999656e-07 1.350960000000000058e-09
5.350469999999999970e+01 3.206370000000000143e-07 9.810159999999999550e-10
6.743739999999999668e+01 1.923110000000000073e-07 5.512490000000000265e-10
8.499809999999999377e+01 1.158409999999999982e-07 3.811600000000000052e-10
1.071320000000000050e+02 8.021980000000000209e-08 1.882780000000000037e-10
1.350289999999999964e+02 5.716269999999999742e-08 1.594360000000000117e-10
1.701899999999999977e+02 3.365310000000000242e-08 7.298529999999999921e-11
2.145080000000000098e+02 2.032659999999999886e-08 6.283430000000000500e-11
2.703650000000000091e+02 1.202210000000000050e-08 2.720389999999999963e-11
3.407690000000000055e+02 7.166480000000000258e-09 1.974810000000000145e-11
4.295049999999999955e+02 4.404899999999999957e-09 1.116400000000000049e-11
5.413479999999999563e+02 2.630290000000000023e-09 7.970290000000000363e-12
6.823150000000000546e+02 1.466690000000000030e-09 5.050419999999999800e-12
8.599900000000000091e+02 8.410959999999999873e-10 3.234659999999999871e-12
1.083930000000000064e+03 4.962980000000000164e-10 2.319699999999999900e-12
1.366190000000000055e+03 2.771800000000000189e-10 1.322050000000000006e-12
1.721940000000000055e+03 1.474640000000000090e-10 9.601860000000000851e-13
2.170340000000000146e+03 8.640759999999999948e-11 5.159960000000000361e-13
2.735489999999999782e+03 5.183910000000000274e-11 4.377229999999999919e-13
3.447809999999999945e+03 3.168140000000000110e-11 2.201700000000000100e-13
4.345619999999999891e+03 1.934049999999999903e-11 2.000770000000000016e-13
5.477229999999999563e+03 1.196250000000000037e-11 9.905050000000000289e-14
6.903500000000000000e+03 7.429619999999999194e-12 9.259890000000000037e-14
8.701170000000000073e+03 4.374809999999999612e-12 4.691889999999999963e-14
1.096700000000000000e+04 2.599620000000000186e-12 3.919350000000000233e-14
1.382270000000000073e+04 1.515920000000000068e-12 1.992419999999999981e-14
1.742220000000000073e+04 8.944179999999999962e-13 1.757249999999999909e-14
2.195890000000000146e+04 4.993100000000000201e-13 8.504380000000000349e-15
2.767700000000000000e+04 2.799120000000000093e-13 6.775760000000000277e-15
3.488409999999999854e+04 1.598669999999999892e-13 4.148330000000000100e-15
4.396800000000000000e+04 9.313739999999999601e-14 2.568209999999999975e-15
5.541719999999999709e+04 5.537169999999999846e-14 2.298509999999999951e-15
6.984789999999999418e+04 2.801530000000000067e-14 1.082499999999999939e-15
8.803630000000000291e+04 1.470990000000000026e-14 9.031920000000000240e-16
1.109610000000000000e+05 7.357529999999999473e-15 4.576950000000000348e-16
1.398550000000000000e+05 3.640810000000000089e-15 2.863889999999999881e-16
1.762730000000000000e+05 1.795870000000000130e-15 2.073830000000000065e-16
2.221750000000000000e+05 9.194379999999999728e-16 1.125839999999999920e-16
2.800290000000000000e+05 4.759190000000000327e-16 7.467840000000000470e-17
3.529490000000000000e+05 2.458129999999999969e-16 5.415470000000000043e-17
4.448570000000000000e+05 1.270169999999999890e-16 3.740750000000000067e-17
5.606980000000000000e+05 6.562709999999999802e-17 2.448680000000000131e-17
7.067040000000000000e+05 3.390869999999999892e-17 1.538980000000000111e-17
8.907290000000000000e+05 1.752009999999999970e-17 9.386670000000000297e-18
1.000000000000000000e+06 1.259355079314894848e-17 0.000000000000000000e+00
2.000000000000000000e+06 1.742747238264197996e-18 0.000000000000000000e+00
3.000000000000000000e+06 5.480271086529274789e-19 0.000000000000000000e+00
