3.368030000000000257e+01 5.176570000000000143e-06 3.474890000000000188e-09
4.245060000000000144e+01 3.084119999999999958e-06 1.237300000000000060e-09
5.350469999999999970e+01 1.919909999999999885e-06 1.052740000000000027e-09
6.743739999999999668e+01 8.894920000000000084e-07 5.266610000000000283e-10
8.499809999999999377e+01 3.175110000000000166e-07 3.170560000000000061e-10
1.071320000000000050e+02 1.913500000000000028e-07 1.597310000000000091e-10
1.350289999999999964e+02 1.117649999999999953e-07 1.409430000000000064e-10
1.701899999999999977e+02 6.778429999999999639e-08 7.254719999999999687e-11
2.145080000000000098e+02 4.100610000000000215e-08 6.614540000000000611e-11
2.703650000000000091e+02 2.375250000000000044e-08 3.159060000000000152e-11
3.407690000000000055e+02 1.385270000000000036e-08 2.376450000000000037e-11
4.295049999999999955e+02 7.986559999999999354e-09 1.398360000000000031e-11
5.413479999999999563e+02 4.636480000000000103e-09 9.938450000000000329e-12
6.823150000000000546e+02 2.751760000000000018e-09 6.850960000000000123e-12
8.599900000000000091e+02 1.562760000000000092e-09 4.417029999999999810e-12
1.083930000000000064e+03 8.362930000000000402e-10 3.114759999999999947e-12
1.366190000000000055e+03 4.602689999999999954e-10 1.761739999999999923e-12
1.721940000000000055e+03 2.548899999999999852e-10 1.340490000000000077e-12
2.170340000000000146e+03 1.435629999999999932e-10 7.072260000000000200e-13
2.735489999999999782e+03 8.175549999999999752e-11 5.933959999999999890e-13
3.447809999999999945e+03 4.513869999999999789e-11 2.901669999999999994e-13
4.345619999999999891e+03 2.430509999999999990e-11 2.502209999999999897e-13
5.477229999999999563e+03 1.545829999999999846e-11 1.279490000000000034e-13
6.903500000000000000e+03 9.631499999999999905e-12 1.203590000000000075e-13
8.701170000000000073e+03 5.837530000000000068e-12 6.128290000000000032e-14
1.096700000000000000e+04 3.554650000000000005e-12 5.193929999999999735e-14
1.382270000000000073e+04 2.168620000000000104e-12 2.665169999999999879e-14
1.742220000000000073e+04 1.297609999999999961e-12 2.336109999999999852e-14
2.195890000000000146e+04 8.791050000000000189e-13 1.234130000000000038e-14
2.767700000000000000e+04 5.866430000000000278e-13 1.006009999999999953e-14
3.488409999999999854e+04 3.927829999999999834e-13 7.013840000000000390e-15
4.396800000000000000e+04 2.634710000000000090e-13 4.238149999999999655e-15
5.541719999999999709e+04 1.752740000000000062e-13 4.000229999999999922e-15
6.984789999999999418e+04 1.226269999999999883e-13 2.055880000000000188e-15
8.803630000000000291e+04 8.187189999999999469e-14 1.749729999999999936e-15
1.109610000000000000e+05 6.921849999999999935e-14 1.346859999999999959e-15
1.398550000000000000e+05 6.243750000000000532e-14 9.356259999999999116e-16
1.762730000000000000e+05 5.970840000000000284e-14 1.001860000000000072e-15
2.221750000000000000e+05 3.807400000000000139e-14 6.150000000000000340e-16
2.800290000000000000e+05 2.139449999999999848e-14 3.095829999999999958e-16
3.529490000000000000e+05 1.231340000000000007e-14 1.912769999999999969e-16
4.448570000000000000e+05 7.054469999999999632e-15 1.332290000000000050e-16
5.606980000000000000e+05 4.045119999999999750e-15 9.533750000000000596e-17
7.067040000000000000e+05 2.319129999999999880e-15 6.712380000000000024e-17
8.907290000000000000e+05 1.329640000000000046e-15 4.612560000000000053e-17
1.000000000000000000e+06 1.006787074837520558e-15 0.000000000000000000e+00
2.000000000000000000e+06 1.902621104595088386e-16 0.000000000000000000e+00
3.000000000000000000e+06 7.179298827629089583e-17 0.000000000000000000e+00
