3.368030000000000257e+01 2.139550000000000123e-06 4.988259999999999895e-09
4.245060000000000144e+01 1.006080000000000073e-06 1.411789999999999940e-09
5.350469999999999970e+01 4.682920000000000219e-07 1.085570000000000006e-09
6.743739999999999668e+01 2.344970000000000119e-07 5.555420000000000447e-10
8.499809999999999377e+01 1.154669999999999976e-07 4.054180000000000159e-10
1.071320000000000050e+02 8.282040000000000488e-08 2.097230000000000005e-10
1.350289999999999964e+02 6.088810000000000111e-08 1.868689999999999882e-10
1.701899999999999977e+02 3.673809999999999993e-08 8.630029999999999407e-11
2.145080000000000098e+02 2.277539999999999892e-08 7.535439999999999726e-11
2.703650000000000091e+02 1.358819999999999987e-08 3.263010000000000088e-11
3.407690000000000055e+02 8.129789999999999902e-09 2.369799999999999858e-11
4.295049999999999955e+02 4.748430000000000321e-09 1.327749999999999952e-11
5.413479999999999563e+02 2.747769999999999911e-09 9.300310000000000788e-12
6.823150000000000546e+02 1.527939999999999999e-09 6.072620000000000028e-12
8.599900000000000091e+02 8.550240000000000451e-10 3.839859999999999756e-12
1.083930000000000064e+03 4.767730000000000244e-10 2.732830000000000180e-12
1.366190000000000055e+03 2.663279999999999823e-10 1.567229999999999977e-12
1.721940000000000055e+03 1.478760000000000020e-10 1.198739999999999999e-12
2.170340000000000146e+03 8.543890000000000261e-11 6.440450000000000088e-13
2.735489999999999782e+03 4.963730000000000136e-11 5.436469999999999957e-13
3.447809999999999945e+03 3.007649999999999690e-11 2.752020000000000223e-13
4.345619999999999891e+03 1.819450000000000048e-11 2.519559999999999818e-13
5.477229999999999563e+03 1.115079999999999970e-11 1.250290000000000017e-13
6.903500000000000000e+03 6.856980000000000131e-12 1.166360000000000091e-13
8.701170000000000073e+03 4.024320000000000365e-12 5.977290000000000221e-14
1.096700000000000000e+04 2.381960000000000081e-12 4.999740000000000262e-14
1.382270000000000073e+04 1.399899999999999922e-12 2.543770000000000075e-14
1.742220000000000073e+04 8.256960000000000190e-13 2.234339999999999936e-14
2.195890000000000146e+04 4.796520000000000245e-13 1.095399999999999932e-14
2.767700000000000000e+04 2.803189999999999893e-13 8.816059999999999923e-15
3.488409999999999854e+04 1.594029999999999974e-13 5.383509999999999791e-15
4.396800000000000000e+04 8.753570000000000282e-14 3.237030000000000063e-15
5.541719999999999709e+04 4.902950000000000202e-14 2.751959999999999855e-15
6.984789999999999418e+04 2.508649999999999931e-14 1.334740000000000070e-15
8.803630000000000291e+04 1.315139999999999988e-14 1.123519999999999963e-15
1.109610000000000000e+05 6.551049999999999826e-15 5.828889999999999743e-16
1.398550000000000000e+05 3.208789999999999825e-15 3.873339999999999945e-16
1.762730000000000000e+05 1.609619999999999914e-15 2.898180000000000089e-16
2.221750000000000000e+05 6.970049999999999732e-16 1.518850000000000019e-16
2.800290000000000000e+05 2.897769999999999950e-16 1.032009999999999981e-16
3.529490000000000000e+05 1.215060000000000066e-16 6.523580000000000535e-17
4.448570000000000000e+05 5.085699999999999986e-17 3.708549999999999884e-17
5.606980000000000000e+05 2.129460000000000069e-17 1.971690000000000022e-17
7.067040000000000000e+05 8.915639999999999500e-18 1.002739999999999951e-17
8.907290000000000000e+05 3.732870000000000383e-18 4.944700000000000352e-18
1.000000000000000000e+06 2.415386208443998932e-18 0.000000000000000000e+00
2.000000000000000000e+06 1.780395651506825925e-19 0.000000000000000000e+00
3.000000000000000000e+06 3.873147247926061659e-20 0.000000000000000000e+00
