34.171 5.8433e-06 3.21631e-09
44.3332 3.30077e-06 1.15589e-09
57.5177 1.90373e-06 8.556e-10
74.6231 9.39857e-07 4.56027e-10
96.8155 4.01938e-07 2.6159e-10
125.608 2.138e-07 1.47976e-10
162.963 1.25009e-07 1.07147e-10
211.427 6.60077e-08 6.08272e-11
274.305 3.49912e-08 4.29986e-11
355.881 1.90047e-08 2.52161e-11
461.718 1.01864e-08 1.79444e-11
599.03 5.57349e-09 1.06433e-11
777.179 3.03595e-09 7.82987e-12
1008.31 1.45812e-09 4.17862e-12
1308.17 7.15905e-10 3.01165e-12
1697.21 3.61255e-10 1.67582e-12
2201.96 1.79529e-10 1.17197e-12
2856.81 9.07524e-11 6.41451e-13
3706.4 4.68109e-11 4.38155e-13
4808.67 2.71339e-11 2.63764e-13
6238.74 1.77745e-11 1.88032e-13
8094.1 1.25453e-11 1.35437e-13
10501.2 7.70299e-12 8.99177e-14
13624.2 4.56621e-12 5.5106e-14
17676 2.66494e-12 3.77799e-14
22932.8 1.46277e-12 2.16296e-14
29752.8 8.56387e-13 1.49479e-14
38601.2 5.43424e-13 9.85173e-15
50080.9 3.28307e-13 6.8444e-15
64974.7 1.95446e-13 4.20347e-15
84297.8 1.25992e-13 3.03443e-15
109367 8.80644e-14 2.15683e-15
141893 6.94064e-14 1.75665e-15
184091 4.84642e-14 1.25641e-15
238838 3.16039e-14 9.39312e-16
309868 1.76538e-14 5.57704e-16
402020 8.07828e-15 3.33448e-16
521579 4.00573e-15 1.71689e-16
676694 2.07028e-15 9.70418e-17
877938 1.06154e-15 8.07371e-17
