3.368030000000000257e+01 1.236299999999999920e-06 3.560440000000000166e-09
4.245060000000000144e+01 6.583129999999999472e-07 1.133819999999999917e-09
5.350469999999999970e+01 3.461140000000000247e-07 8.323059999999999587e-10
6.743739999999999668e+01 1.985299999999999917e-07 4.559339999999999788e-10
8.499809999999999377e+01 1.170429999999999979e-07 3.281830000000000236e-10
1.071320000000000050e+02 8.098010000000000659e-08 1.633269999999999934e-10
1.350289999999999964e+02 5.762880000000000183e-08 1.405429999999999871e-10
1.701899999999999977e+02 3.403150000000000268e-08 6.503140000000000096e-11
2.145080000000000098e+02 2.062250000000000153e-08 5.648570000000000275e-11
2.703650000000000091e+02 1.208379999999999998e-08 2.479239999999999844e-11
3.407690000000000055e+02 7.162429999999999636e-09 1.811439999999999964e-11
4.295049999999999955e+02 4.412880000000000172e-09 1.033730000000000039e-11
5.413479999999999563e+02 2.631799999999999949e-09 7.385649999999999332e-12
6.823150000000000546e+02 1.454790000000000102e-09 4.657739999999999902e-12
8.599900000000000091e+02 8.349469999999999706e-10 2.978679999999999986e-12
1.083930000000000064e+03 4.978979999999999902e-10 2.120479999999999866e-12
1.366190000000000055e+03 2.828250000000000030e-10 1.217250000000000089e-12
1.721940000000000055e+03 1.549850000000000082e-10 8.855649999999999732e-13
2.170340000000000146e+03 8.975390000000000270e-11 4.721020000000000214e-13
2.735489999999999782e+03 5.230190000000000113e-11 3.927960000000000158e-13
3.447809999999999945e+03 3.205600000000000154e-11 1.985560000000000023e-13
4.345619999999999891e+03 1.964619999999999842e-11 1.815659999999999909e-13
5.477229999999999563e+03 1.208319999999999924e-11 9.016610000000000391e-14
6.903500000000000000e+03 7.460609999999999247e-12 8.429860000000000392e-14
8.701170000000000073e+03 4.429110000000000299e-12 4.320709999999999797e-14
1.096700000000000000e+04 2.645880000000000031e-12 3.632920000000000034e-14
1.382270000000000073e+04 1.545980000000000042e-12 1.849130000000000132e-14
1.742220000000000073e+04 9.155049999999999446e-13 1.636209999999999977e-14
2.195890000000000146e+04 5.093559999999999755e-13 7.901649999999999329e-15
2.767700000000000000e+04 2.850229999999999963e-13 6.292659999999999980e-15
3.488409999999999854e+04 1.617770000000000032e-13 3.834089999999999948e-15
4.396800000000000000e+04 9.311889999999999462e-14 2.369699999999999832e-15
5.541719999999999709e+04 5.499179999999999874e-14 2.112900000000000077e-15
6.984789999999999418e+04 2.681549999999999880e-14 9.839440000000000393e-16
8.803630000000000291e+04 1.353979999999999964e-14 8.009859999999999563e-16
1.109610000000000000e+05 6.894440000000000067e-15 4.099950000000000190e-16
1.398550000000000000e+05 3.533219999999999853e-15 2.593820000000000208e-16
1.762730000000000000e+05 1.805889999999999847e-15 1.934420000000000034e-16
2.221750000000000000e+05 9.322340000000000332e-16 1.048470000000000030e-16
2.800290000000000000e+05 4.825670000000000177e-16 6.768210000000000134e-17
3.529490000000000000e+05 2.496630000000000003e-16 4.861399999999999724e-17
4.448570000000000000e+05 1.291800000000000106e-16 3.353249999999999933e-17
5.606980000000000000e+05 6.683900000000000003e-17 2.197259999999999970e-17
7.067040000000000000e+05 3.458320000000000253e-17 1.383240000000000045e-17
8.907290000000000000e+05 1.789369999999999901e-17 8.452030000000000162e-18
1.000000000000000000e+06 1.287112591950476770e-17 0.000000000000000000e+00
2.000000000000000000e+06 1.788662294779291679e-18 0.000000000000000000e+00
3.000000000000000000e+06 5.638504130551729561e-19 0.000000000000000000e+00
