34.171 1.26636e-06 2.56064e-09
44.3332 7.69513e-07 9.6782e-10
57.5177 4.72874e-07 6.16905e-10
74.6231 2.7432e-07 3.62897e-10
96.8155 1.50538e-07 2.13682e-10
125.608 8.70463e-08 1.27431e-10
162.963 4.90687e-08 8.36284e-11
211.427 2.52626e-08 4.63361e-11
274.305 1.25368e-08 3.14146e-11
355.881 6.60194e-09 1.78956e-11
461.718 3.58709e-09 1.29248e-11
599.03 1.82071e-09 7.18017e-12
777.179 8.72039e-10 4.81371e-12
1008.31 4.53834e-10 2.66883e-12
1308.17 2.70293e-10 1.95936e-12
1697.21 1.45214e-10 1.14001e-12
2201.96 6.45532e-11 6.96235e-13
2856.81 3.53717e-11 3.96619e-13
3706.4 2.43786e-11 2.9483e-13
4808.67 1.49322e-11 1.83337e-13
6238.74 9.27152e-12 1.19505e-13
8094.1 6.60445e-12 8.66305e-14
10501.2 3.90201e-12 5.57308e-14
13624.2 2.26468e-12 3.3668e-14
17676 1.28411e-12 2.31586e-14
22932.8 6.58869e-13 1.26131e-14
29752.8 3.64961e-13 8.88009e-15
38601.2 2.03562e-13 5.37406e-15
50080.9 9.67171e-14 3.5018e-15
64974.7 4.63938e-14 1.83e-15
84297.8 2.64693e-14 1.42586e-15
109367 1.36485e-14 8.29592e-16
141893 5.88561e-15 5.48661e-16
184091 2.50255e-15 2.72525e-16
238838 1.10014e-15 1.97457e-16
309868 5.0292e-16 1.00961e-16
402020 2.24329e-16 6.5262e-17
521579 1.28354e-16 3.7879e-17
676694 9.32769e-17 2.33031e-17
877938 6.50172e-17 2.57898e-17
