34.171 3.07057e-06 3.17597e-09
44.3332 1.65617e-06 1.09148e-09
57.5177 9.00965e-07 7.70601e-10
74.6231 4.51723e-07 4.15663e-10
96.8155 2.09627e-07 2.54233e-10
125.608 1.15996e-07 1.47843e-10
162.963 7.09545e-08 1.05944e-10
211.427 3.82517e-08 6.05731e-11
274.305 2.00676e-08 4.0772e-11
355.881 1.09879e-08 2.39648e-11
461.718 5.8658e-09 1.67639e-11
599.03 3.04342e-09 9.44219e-12
777.179 1.5882e-09 6.71507e-12
1008.31 8.65081e-10 3.95095e-12
1308.17 5.14514e-10 3.1069e-12
1697.21 2.37095e-10 1.6474e-12
2201.96 9.34869e-11 1.05436e-12
2856.81 4.46863e-11 5.53576e-13
3706.4 2.42356e-11 4.08917e-13
4808.67 1.44355e-11 2.50016e-13
6238.74 1.02284e-11 1.7448e-13
8094.1 8.48102e-12 1.4331e-13
10501.2 6.04264e-12 9.57067e-14
13624.2 4.00578e-12 6.3489e-14
17676 2.25339e-12 3.8282e-14
22932.8 1.55805e-12 2.63169e-14
29752.8 1.71678e-12 2.55446e-14
38601.2 1.24766e-12 1.88875e-14
50080.9 5.72597e-13 1.07925e-14
64974.7 2.78798e-13 5.65873e-15
84297.8 1.46443e-13 3.98232e-15
109367 8.43894e-14 2.43838e-15
141893 4.86176e-14 1.7329e-15
184091 3.06793e-14 1.12628e-15
238838 2.39025e-14 9.35071e-16
309868 1.70172e-14 6.72946e-16
402020 1.122e-14 4.55545e-16
521579 7.58223e-15 3.04205e-16
676694 5.11091e-15 1.7813e-16
877938 3.44658e-15 1.91256e-16
