3.368030000000000257e+01 2.395369999999999988e-06 4.146939999999999744e-09
4.245060000000000144e+01 1.161749999999999931e-06 1.207399999999999987e-09
5.350469999999999970e+01 5.595230000000000002e-07 9.035199999999999984e-10
6.743739999999999668e+01 2.831789999999999975e-07 4.596779999999999919e-10
8.499809999999999377e+01 1.405229999999999938e-07 3.257050000000000142e-10
1.071320000000000050e+02 9.480599999999999542e-08 1.616029999999999899e-10
1.350289999999999964e+02 6.495670000000000090e-08 1.397380000000000090e-10
1.701899999999999977e+02 3.865389999999999780e-08 6.440289999999999894e-11
2.145080000000000098e+02 2.341709999999999930e-08 5.544640000000000253e-11
2.703650000000000091e+02 1.417359999999999994e-08 2.464719999999999943e-11
3.407690000000000055e+02 8.530139999999999249e-09 1.812540000000000030e-11
4.295049999999999955e+02 4.961580000000000148e-09 1.017450000000000032e-11
5.413479999999999563e+02 2.884710000000000061e-09 7.155439999999999649e-12
6.823150000000000546e+02 1.640790000000000080e-09 4.672979999999999744e-12
8.599900000000000091e+02 9.422790000000000710e-10 3.009410000000000199e-12
1.083930000000000064e+03 5.474689999999999631e-10 2.164170000000000057e-12
1.366190000000000055e+03 3.098039999999999881e-10 1.250150000000000080e-12
1.721940000000000055e+03 1.702929999999999878e-10 9.355200000000000365e-13
2.170340000000000146e+03 1.012080000000000009e-10 5.089679999999999574e-13
2.735489999999999782e+03 6.205049999999999940e-11 4.396020000000000084e-13
3.447809999999999945e+03 3.612309999999999983e-11 2.178340000000000036e-13
4.345619999999999891e+03 2.082289999999999925e-11 1.938519999999999953e-13
5.477229999999999563e+03 1.286570000000000081e-11 9.708090000000000339e-14
6.903500000000000000e+03 7.894619999999999333e-12 9.043169999999999624e-14
8.701170000000000073e+03 4.716470000000000400e-12 4.669560000000000249e-14
1.096700000000000000e+04 2.823070000000000006e-12 3.936690000000000314e-14
1.382270000000000073e+04 1.611320000000000045e-12 1.987700000000000015e-14
1.742220000000000073e+04 9.314550000000000937e-13 1.730749999999999971e-14
2.195890000000000146e+04 5.243840000000000201e-13 8.481070000000000371e-15
2.767700000000000000e+04 2.978839999999999755e-13 6.877439999999999988e-15
3.488409999999999854e+04 1.630100000000000042e-13 4.087589999999999827e-15
4.396800000000000000e+04 8.538760000000000565e-14 2.493859999999999862e-15
5.541719999999999709e+04 4.506710000000000216e-14 2.028299999999999846e-15
6.984789999999999418e+04 2.390570000000000031e-14 1.020879999999999936e-15
8.803630000000000291e+04 1.294500000000000031e-14 8.881100000000000483e-16
1.109610000000000000e+05 6.033159999999999609e-15 4.394049999999999880e-16
1.398550000000000000e+05 2.689070000000000129e-15 2.770630000000000117e-16
1.762730000000000000e+05 1.210169999999999902e-15 1.875300000000000121e-16
2.221750000000000000e+05 5.416660000000000142e-16 9.609589999999999724e-17
2.800290000000000000e+05 2.423000000000000126e-16 6.474200000000000263e-17
3.529490000000000000e+05 1.083999999999999964e-16 4.283659999999999900e-17
4.448570000000000000e+05 4.849489999999999916e-17 2.592409999999999905e-17
5.606980000000000000e+05 2.169520000000000147e-17 1.471800000000000134e-17
7.067040000000000000e+05 9.705789999999999875e-18 8.000790000000000088e-18
8.907290000000000000e+05 4.342089999999999673e-18 4.218009999999999945e-18
1.000000000000000000e+06 2.904232912512516055e-18 0.000000000000000000e+00
2.000000000000000000e+06 2.610674167543263341e-19 0.000000000000000000e+00
3.000000000000000000e+06 6.378503902604851052e-20 0.000000000000000000e+00
