34.171 6.74948e-06 3.62107e-09
44.3332 3.22243e-06 1.13023e-09
57.5177 1.56387e-06 8.32071e-10
74.6231 6.6436e-07 4.04776e-10
96.8155 2.47501e-07 2.36897e-10
125.608 1.23965e-07 1.28243e-10
162.963 7.38413e-08 9.78998e-11
211.427 3.85546e-08 5.54463e-11
274.305 1.98788e-08 3.90757e-11
355.881 1.08369e-08 2.29284e-11
461.718 6.01434e-09 1.65597e-11
599.03 3.31516e-09 9.86647e-12
777.179 1.77269e-09 7.08305e-12
1008.31 8.67688e-10 3.8076e-12
1308.17 4.49335e-10 2.78729e-12
1697.21 2.3223e-10 1.57242e-12
2201.96 1.14577e-10 1.05981e-12
2856.81 6.13448e-11 5.99579e-13
3706.4 3.57532e-11 4.16325e-13
4808.67 2.20538e-11 2.62404e-13
6238.74 1.47015e-11 1.79655e-13
8094.1 1.06351e-11 1.31209e-13
10501.2 6.68715e-12 8.65422e-14
13624.2 4.02076e-12 5.35139e-14
17676 2.36394e-12 3.65544e-14
22932.8 1.28974e-12 2.08178e-14
29752.8 7.38675e-13 1.42075e-14
38601.2 4.63149e-13 9.27778e-15
50080.9 2.79899e-13 6.52012e-15
64974.7 1.6122e-13 3.91158e-15
84297.8 9.81701e-14 2.80343e-15
109367 6.29864e-14 1.85952e-15
141893 4.36764e-14 1.44429e-15
184091 2.79332e-14 9.64384e-16
238838 1.74037e-14 7.29639e-16
309868 8.76734e-15 4.01138e-16
402020 3.39345e-15 2.20277e-16
521579 1.62458e-15 1.0995e-16
676694 9.05031e-16 6.64752e-17
877938 4.89987e-16 5.8368e-17
