3.368030000000000257e+01 3.794809999999999925e-06 4.007199999999999976e-09
4.245060000000000144e+01 1.958200000000000157e-06 1.242430000000000020e-09
5.350469999999999970e+01 1.026970000000000096e-06 1.034599999999999922e-09
6.743739999999999668e+01 4.807759999999999900e-07 5.264210000000000374e-10
8.499809999999999377e+01 1.973940000000000006e-07 3.644360000000000017e-10
1.071320000000000050e+02 1.203380000000000020e-07 1.811640000000000064e-10
1.350289999999999964e+02 7.244610000000000442e-08 1.603180000000000041e-10
1.701899999999999977e+02 4.273119999999999819e-08 7.836849999999999671e-11
2.145080000000000098e+02 2.525829999999999993e-08 6.885110000000000174e-11
2.703650000000000091e+02 1.501339999999999863e-08 3.075389999999999965e-11
3.407690000000000055e+02 8.894419999999999980e-09 2.252539999999999932e-11
4.295049999999999955e+02 5.209679999999999736e-09 1.271740000000000072e-11
5.413479999999999563e+02 3.035139999999999923e-09 8.969300000000000566e-12
6.823150000000000546e+02 1.741140000000000049e-09 5.979330000000000130e-12
8.599900000000000091e+02 9.740860000000000626e-10 3.799210000000000328e-12
1.083930000000000064e+03 5.218329999999999701e-10 2.687019999999999995e-12
1.366190000000000055e+03 2.860759999999999745e-10 1.528500000000000000e-12
1.721940000000000055e+03 1.568509999999999891e-10 1.184699999999999991e-12
2.170340000000000146e+03 9.032519999999999483e-11 6.373859999999999864e-13
2.735489999999999782e+03 5.261939999999999771e-11 5.434800000000000228e-13
3.447809999999999945e+03 3.149720000000000033e-11 2.737689999999999818e-13
4.345619999999999891e+03 1.866779999999999847e-11 2.474730000000000200e-13
5.477229999999999563e+03 1.182819999999999922e-11 1.237800000000000037e-13
6.903500000000000000e+03 7.442350000000000090e-12 1.160889999999999913e-13
8.701170000000000073e+03 4.583999999999999854e-12 5.940949999999999793e-14
1.096700000000000000e+04 2.828019999999999899e-12 5.078339999999999922e-14
1.382270000000000073e+04 1.696949999999999954e-12 2.560819999999999987e-14
1.742220000000000073e+04 1.008970000000000092e-12 2.229330000000000117e-14
2.195890000000000146e+04 6.584450000000000282e-13 1.144659999999999947e-14
2.767700000000000000e+04 4.238439999999999760e-13 9.147480000000000090e-15
3.488409999999999854e+04 2.775389999999999749e-13 6.243139999999999917e-15
4.396800000000000000e+04 1.851519999999999920e-13 3.730880000000000387e-15
5.541719999999999709e+04 1.227829999999999979e-13 3.501470000000000077e-15
6.984789999999999418e+04 8.282290000000000245e-14 1.756510000000000019e-15
8.803630000000000291e+04 5.401680000000000163e-14 1.486189999999999997e-15
1.109610000000000000e+05 4.272370000000000278e-14 1.077650000000000067e-15
1.398550000000000000e+05 3.553610000000000092e-14 7.293000000000000375e-16
1.762730000000000000e+05 3.140600000000000270e-14 7.634359999999999674e-16
2.221750000000000000e+05 1.828609999999999869e-14 4.352300000000000237e-16
2.800290000000000000e+05 9.373159999999999450e-15 2.176929999999999956e-16
3.529490000000000000e+05 4.925329999999999907e-15 1.355509999999999962e-16
4.448570000000000000e+05 2.575520000000000088e-15 8.997770000000000464e-17
5.606980000000000000e+05 1.348070000000000032e-15 5.920270000000000007e-17
7.067040000000000000e+05 7.054650000000000160e-16 3.787199999999999693e-17
8.907290000000000000e+05 3.691949999999999772e-16 2.358309999999999895e-17
1.000000000000000000e+06 2.670821714828388504e-16 0.000000000000000000e+00
2.000000000000000000e+06 3.840329493934787209e-17 0.000000000000000000e+00
3.000000000000000000e+06 1.235004022508235743e-17 0.000000000000000000e+00
