34.171 8.61442e-06 3.54577e-09
44.3332 4.55572e-06 1.21154e-09
57.5177 2.44299e-06 9.23874e-10
74.6231 1.22052e-06 5.01464e-10
96.8155 5.66192e-07 3.11591e-10
125.608 3.04026e-07 1.78187e-10
162.963 1.69441e-07 1.2389e-10
211.427 8.32241e-08 6.61383e-11
274.305 4.09107e-08 4.5113e-11
355.881 2.12783e-08 2.55233e-11
461.718 1.09159e-08 1.77254e-11
599.03 6.10967e-09 1.07706e-11
777.179 3.36483e-09 8.01755e-12
1008.31 1.42859e-09 3.89083e-12
1308.17 6.58578e-10 2.85321e-12
1697.21 2.99678e-10 1.45078e-12
2201.96 1.55352e-10 1.09211e-12
2856.81 9.51921e-11 7.22938e-13
3706.4 4.58839e-11 4.53643e-13
4808.67 2.57117e-11 2.64304e-13
6238.74 1.66286e-11 1.88835e-13
8094.1 1.10951e-11 1.2892e-13
10501.2 6.8897e-12 8.7195e-14
13624.2 4.14922e-12 5.43659e-14
17676 2.39001e-12 3.6918e-14
22932.8 1.29729e-12 2.09077e-14
29752.8 7.62505e-13 1.45056e-14
38601.2 4.85282e-13 9.48971e-15
50080.9 3.24093e-13 6.83122e-15
64974.7 2.14841e-13 4.56483e-15
84297.8 1.63262e-13 3.45168e-15
109367 1.31908e-13 2.81518e-15
141893 8.52648e-14 1.95912e-15
184091 4.98952e-14 1.18093e-15
238838 3.37847e-14 9.22594e-16
309868 1.89763e-14 5.48883e-16
402020 9.32536e-15 3.46216e-16
521579 4.41872e-15 1.743e-16
676694 1.89929e-15 9.37243e-17
877938 8.3232e-16 6.71408e-17
