3.368030000000000257e+01 4.257040000000000326e-06 3.413179999999999995e-09
4.245060000000000144e+01 2.594499999999999893e-06 1.241679999999999997e-09
5.350469999999999970e+01 1.636829999999999921e-06 1.026049999999999988e-09
6.743739999999999668e+01 8.206380000000000193e-07 5.319939999999999726e-10
8.499809999999999377e+01 3.381459999999999893e-07 3.419950000000000169e-10
1.071320000000000050e+02 1.959520000000000066e-07 1.664789999999999945e-10
1.350289999999999964e+02 1.100299999999999999e-07 1.419940000000000010e-10
1.701899999999999977e+02 6.790549999999999882e-08 7.358519999999999628e-11
2.145080000000000098e+02 4.154540000000000090e-08 6.744869999999999633e-11
2.703650000000000091e+02 2.389740000000000063e-08 3.191219999999999967e-11
3.407690000000000055e+02 1.389829999999999946e-08 2.391530000000000090e-11
4.295049999999999955e+02 8.023100000000000553e-09 1.405819999999999921e-11
5.413479999999999563e+02 4.656160000000000184e-09 9.984649999999999869e-12
6.823150000000000546e+02 2.755629999999999923e-09 6.867940000000000319e-12
8.599900000000000091e+02 1.563090000000000028e-09 4.422930000000000017e-12
1.083930000000000064e+03 8.368330000000000197e-10 3.119900000000000065e-12
1.366190000000000055e+03 4.605360000000000111e-10 1.764139999999999993e-12
1.721940000000000055e+03 2.550070000000000067e-10 1.341229999999999930e-12
2.170340000000000146e+03 1.436040000000000089e-10 7.074639999999999832e-13
2.735489999999999782e+03 8.175840000000000431e-11 5.934120000000000366e-13
3.447809999999999945e+03 4.514800000000000271e-11 2.901970000000000003e-13
4.345619999999999891e+03 2.431610000000000056e-11 2.502879999999999933e-13
5.477229999999999563e+03 1.546130000000000158e-11 1.279790000000000043e-13
6.903500000000000000e+03 9.631709999999999962e-12 1.203849999999999965e-13
8.701170000000000073e+03 5.835799999999999832e-12 6.128490000000000627e-14
1.096700000000000000e+04 3.552680000000000166e-12 5.193020000000000121e-14
1.382270000000000073e+04 2.167919999999999915e-12 2.665200000000000157e-14
1.742220000000000073e+04 1.297199999999999966e-12 2.336089999999999982e-14
2.195890000000000146e+04 8.796100000000000254e-13 1.235189999999999941e-14
2.767700000000000000e+04 5.874849999999999953e-13 1.007700000000000025e-14
3.488409999999999854e+04 3.935130000000000217e-13 7.028559999999999967e-15
4.396800000000000000e+04 2.639070000000000184e-13 4.246140000000000007e-15
5.541719999999999709e+04 1.756010000000000007e-13 4.008589999999999924e-15
6.984789999999999418e+04 1.226479999999999940e-13 2.056840000000000109e-15
8.803630000000000291e+04 8.175619999999999953e-14 1.747929999999999986e-15
1.109610000000000000e+05 6.911460000000000016e-14 1.345350000000000059e-15
1.398550000000000000e+05 6.237059999999999629e-14 9.349139999999999111e-16
1.762730000000000000e+05 5.966819999999999560e-14 1.001420000000000010e-15
2.221750000000000000e+05 3.805389999999999777e-14 6.148490000000000045e-16
2.800290000000000000e+05 2.138429999999999843e-14 3.096440000000000080e-16
3.529490000000000000e+05 1.230830000000000005e-14 1.914310000000000039e-16
4.448570000000000000e+05 7.052070000000000224e-15 1.333810000000000023e-16
5.606980000000000000e+05 4.044010000000000014e-15 9.545780000000000370e-17
7.067040000000000000e+05 2.318649999999999920e-15 6.721089999999999725e-17
8.907290000000000000e+05 1.329449999999999939e-15 4.618629999999999898e-17
1.000000000000000000e+06 1.006675467595168030e-15 0.000000000000000000e+00
2.000000000000000000e+06 1.902775399301406789e-16 0.000000000000000000e+00
3.000000000000000000e+06 7.180687281952134111e-17 0.000000000000000000e+00
