3.368030000000000257e+01 2.534440000000000081e-06 5.463629999999999671e-09
4.245060000000000144e+01 1.191459999999999897e-06 1.543880000000000049e-09
5.350469999999999970e+01 5.564200000000000022e-07 1.155419999999999925e-09
6.743739999999999668e+01 2.725119999999999986e-07 5.773170000000000031e-10
8.499809999999999377e+01 1.295789999999999985e-07 4.062029999999999775e-10
1.071320000000000050e+02 8.852000000000000120e-08 2.038300000000000085e-10
1.350289999999999964e+02 6.102130000000000392e-08 1.768370000000000067e-10
1.701899999999999977e+02 3.767580000000000177e-08 8.341630000000000434e-11
2.145080000000000098e+02 2.364390000000000104e-08 7.362999999999999544e-11
2.703650000000000091e+02 1.424389999999999959e-08 3.298090000000000137e-11
3.407690000000000055e+02 8.612770000000000234e-09 2.452260000000000135e-11
4.295049999999999955e+02 5.090329999999999730e-09 1.395200000000000033e-11
5.413479999999999563e+02 2.992389999999999838e-09 9.909789999999999520e-12
6.823150000000000546e+02 1.706199999999999960e-09 6.443409999999999905e-12
8.599900000000000091e+02 9.881580000000000116e-10 4.173469999999999987e-12
1.083930000000000064e+03 5.867940000000000315e-10 3.030629999999999982e-12
1.366190000000000055e+03 3.258550000000000085e-10 1.729949999999999914e-12
1.721940000000000055e+03 1.704859999999999891e-10 1.261989999999999957e-12
2.170340000000000146e+03 9.965149999999999963e-11 6.768390000000000001e-13
2.735489999999999782e+03 6.037470000000000607e-11 5.795749999999999816e-13
3.447809999999999945e+03 3.530839999999999927e-11 2.848939999999999975e-13
4.345619999999999891e+03 2.046289999999999998e-11 2.515860000000000046e-13
5.477229999999999563e+03 1.266409999999999973e-11 1.250329999999999884e-13
6.903500000000000000e+03 7.763000000000000748e-12 1.156220000000000096e-13
8.701170000000000073e+03 4.768389999999999637e-12 5.942790000000000469e-14
1.096700000000000000e+04 2.921039999999999840e-12 5.060519999999999802e-14
1.382270000000000073e+04 1.726979999999999978e-12 2.564749999999999876e-14
1.742220000000000073e+04 1.030809999999999926e-12 2.267369999999999923e-14
2.195890000000000146e+04 6.029620000000000313e-13 1.127189999999999922e-14
2.767700000000000000e+04 3.540600000000000080e-13 9.193829999999999749e-15
3.488409999999999854e+04 2.061430000000000083e-13 5.730790000000000180e-15
4.396800000000000000e+04 1.187879999999999983e-13 3.516350000000000035e-15
5.541719999999999709e+04 6.885409999999999840e-14 3.070079999999999983e-15
6.984789999999999418e+04 3.886380000000000172e-14 1.484359999999999926e-15
8.803630000000000291e+04 2.195079999999999846e-14 1.259340000000000067e-15
1.109610000000000000e+05 1.275239999999999951e-14 6.929449999999999624e-16
1.398550000000000000e+05 7.490079999999999625e-15 3.986690000000000100e-16
1.762730000000000000e+05 4.344629999999999760e-15 3.103360000000000102e-16
2.221750000000000000e+05 2.701509999999999992e-15 1.864639999999999964e-16
2.800290000000000000e+05 1.715179999999999996e-15 1.035179999999999941e-16
3.529490000000000000e+05 1.084770000000000073e-15 6.781829999999999604e-17
4.448570000000000000e+05 6.865580000000000225e-16 5.120239999999999804e-17
5.606980000000000000e+05 4.344690000000000198e-16 4.029740000000000253e-17
7.067040000000000000e+05 2.749479999999999763e-16 3.138619999999999713e-17
8.907290000000000000e+05 1.739959999999999977e-16 2.388670000000000094e-17
1.000000000000000000e+06 1.384149021097659124e-16 0.000000000000000000e+00
2.000000000000000000e+06 3.515813924689497015e-17 0.000000000000000000e+00
3.000000000000000000e+06 1.577180407862652052e-17 0.000000000000000000e+00
