3.368030000000000257e+01 3.792180000000000172e-06 3.849719999999999813e-09
4.245060000000000144e+01 2.084190000000000030e-06 1.266690000000000100e-09
5.350469999999999970e+01 1.175140000000000026e-06 1.030060000000000060e-09
6.743739999999999668e+01 5.557129999999999681e-07 5.191589999999999853e-10
8.499809999999999377e+01 2.223669999999999953e-07 3.407820000000000026e-10
1.071320000000000050e+02 1.301539999999999887e-07 1.670050000000000090e-10
1.350289999999999964e+02 7.421829999999999961e-08 1.441239999999999978e-10
1.701899999999999977e+02 4.479929999999999935e-08 7.333539999999999627e-11
2.145080000000000098e+02 2.682049999999999853e-08 6.590899999999999957e-11
2.703650000000000091e+02 1.620540000000000031e-08 3.121529999999999766e-11
3.407690000000000055e+02 9.741080000000000032e-09 2.367419999999999862e-11
4.295049999999999955e+02 5.741229999999999622e-09 1.371450000000000018e-11
5.413479999999999563e+02 3.381569999999999935e-09 9.805319999999999259e-12
6.823150000000000546e+02 1.976450000000000139e-09 6.560460000000000098e-12
8.599900000000000091e+02 1.129420000000000014e-09 4.225989999999999848e-12
1.083930000000000064e+03 6.229009999999999979e-10 2.980500000000000073e-12
1.366190000000000055e+03 3.472709999999999891e-10 1.695119999999999950e-12
1.721940000000000055e+03 1.924550000000000090e-10 1.267889999999999962e-12
2.170340000000000146e+03 1.114599999999999956e-10 6.762440000000000415e-13
2.735489999999999782e+03 6.560480000000000335e-11 5.681230000000000219e-13
3.447809999999999945e+03 3.803670000000000008e-11 2.813180000000000136e-13
4.345619999999999891e+03 2.168599999999999948e-11 2.484110000000000206e-13
5.477229999999999563e+03 1.382499999999999976e-11 1.256069999999999918e-13
6.903500000000000000e+03 8.710600000000000466e-12 1.183639999999999993e-13
8.701170000000000073e+03 5.296989999999999627e-12 6.014460000000000153e-14
1.096700000000000000e+04 3.238810000000000010e-12 5.107650000000000077e-14
1.382270000000000073e+04 1.960640000000000014e-12 2.608459999999999949e-14
1.742220000000000073e+04 1.170870000000000038e-12 2.286019999999999861e-14
2.195890000000000146e+04 7.733339999999999842e-13 1.188440000000000040e-14
2.767700000000000000e+04 5.039009999999999750e-13 9.620609999999999951e-15
3.488409999999999854e+04 3.317490000000000034e-13 6.612259999999999888e-15
4.396800000000000000e+04 2.201850000000000104e-13 4.001000000000000130e-15
5.541719999999999709e+04 1.470000000000000047e-13 3.809829999999999826e-15
6.984789999999999418e+04 9.366309999999999901e-14 1.868530000000000013e-15
8.803630000000000291e+04 5.836540000000000291e-14 1.578530000000000034e-15
1.109610000000000000e+05 4.416329999999999722e-14 1.099790000000000068e-15
1.398550000000000000e+05 3.525369999999999775e-14 7.306070000000000013e-16
1.762730000000000000e+05 2.954770000000000167e-14 7.398159999999999898e-16
2.221750000000000000e+05 1.739910000000000144e-14 4.244010000000000207e-16
2.800290000000000000e+05 9.196679999999999391e-15 2.118110000000000018e-16
3.529490000000000000e+05 4.963699999999999779e-15 1.309619999999999969e-16
4.448570000000000000e+05 2.668170000000000124e-15 8.816990000000000414e-17
5.606980000000000000e+05 1.435370000000000090e-15 5.949539999999999544e-17
7.067040000000000000e+05 7.720580000000000313e-16 3.917249999999999706e-17
8.907290000000000000e+05 4.152860000000000195e-16 2.512670000000000051e-17
1.000000000000000000e+06 3.045754793700636403e-16 0.000000000000000000e+00
2.000000000000000000e+06 4.754567427010719883e-17 0.000000000000000000e+00
3.000000000000000000e+06 1.604315060760627408e-17 0.000000000000000000e+00
