3.368030000000000257e+01 1.499710000000000080e-06 7.947520000000000282e-09
4.245060000000000144e+01 8.430150000000000085e-07 2.664439999999999952e-09
5.350469999999999970e+01 4.732260000000000051e-07 1.899799999999999995e-09
6.743739999999999668e+01 2.681210000000000224e-07 1.015910000000000062e-09
8.499809999999999377e+01 1.479899999999999904e-07 6.654119999999999972e-10
1.071320000000000050e+02 9.867350000000000011e-08 3.200439999999999962e-10
1.350289999999999964e+02 6.759790000000000208e-08 2.669259999999999941e-10
1.701899999999999977e+02 3.794930000000000088e-08 1.199250000000000020e-10
2.145080000000000098e+02 2.176749999999999954e-08 1.000420000000000021e-10
2.703650000000000091e+02 1.343460000000000074e-08 4.644109999999999848e-11
3.407690000000000055e+02 8.170699999999999506e-09 3.487980000000000088e-11
4.295049999999999955e+02 4.975640000000000408e-09 1.954230000000000085e-11
5.413479999999999563e+02 2.985109999999999838e-09 1.397100000000000014e-11
6.823150000000000546e+02 1.710009999999999971e-09 8.720009999999999313e-12
8.599900000000000091e+02 1.007140000000000102e-09 5.656849999999999670e-12
1.083930000000000064e+03 6.129999999999999511e-10 3.937090000000000140e-12
1.366190000000000055e+03 3.573990000000000187e-10 2.289110000000000128e-12
1.721940000000000055e+03 2.019749999999999927e-10 1.656640000000000098e-12
2.170340000000000146e+03 1.191519999999999883e-10 8.888200000000000437e-13
2.735489999999999782e+03 7.079960000000000540e-11 7.371519999999999876e-13
3.447809999999999945e+03 4.305640000000000059e-11 3.705260000000000006e-13
4.345619999999999891e+03 2.601870000000000020e-11 3.349830000000000177e-13
5.477229999999999563e+03 1.641160000000000087e-11 1.675209999999999988e-13
6.903500000000000000e+03 1.039959999999999943e-11 1.587280000000000028e-13
8.701170000000000073e+03 5.995429999999999627e-12 7.944510000000000345e-14
1.096700000000000000e+04 3.514540000000000088e-12 6.570009999999999487e-14
1.382270000000000073e+04 2.011100000000000185e-12 3.320109999999999749e-14
1.742220000000000073e+04 1.167509999999999940e-12 2.900699999999999823e-14
2.195890000000000146e+04 6.338480000000000271e-13 1.382840000000000043e-14
2.767700000000000000e+04 3.453339999999999904e-13 1.085640000000000026e-14
3.488409999999999854e+04 1.946360000000000049e-13 6.570170000000000026e-15
4.396800000000000000e+04 1.139490000000000126e-13 4.113150000000000187e-15
5.541719999999999709e+04 6.809300000000000581e-14 3.706700000000000061e-15
6.984789999999999418e+04 3.379560000000000192e-14 1.749099999999999964e-15
8.803630000000000291e+04 1.744329999999999849e-14 1.451950000000000056e-15
1.109610000000000000e+05 8.731430000000000755e-15 7.450289999999999820e-16
1.398550000000000000e+05 4.333719999999999746e-15 4.823440000000000336e-16
1.762730000000000000e+05 2.193350000000000033e-15 3.610330000000000233e-16
2.221750000000000000e+05 9.776610000000000119e-16 1.983470000000000062e-16
2.800290000000000000e+05 4.205740000000000179e-16 1.426429999999999889e-16
3.529490000000000000e+05 1.822630000000000046e-16 9.362720000000000359e-17
4.448570000000000000e+05 7.886540000000000253e-17 5.507650000000000118e-17
5.606980000000000000e+05 3.413619999999999867e-17 3.027380000000000295e-17
7.067040000000000000e+05 1.477450000000000100e-17 1.591470000000000053e-17
8.907290000000000000e+05 6.394670000000000348e-18 8.111539999999999287e-18
1.000000000000000000e+06 4.206969963082207160e-18 0.000000000000000000e+00
2.000000000000000000e+06 3.425101888940577573e-19 0.000000000000000000e+00
3.000000000000000000e+06 7.897256287077001405e-20 0.000000000000000000e+00
