34.171 1.34935e-06 2.10496e-09
44.3332 8.04796e-07 7.80322e-10
57.5177 4.8499e-07 4.83468e-10
74.6231 2.73882e-07 2.77324e-10
96.8155 1.45889e-07 1.61413e-10
125.608 8.20911e-08 9.41812e-11
162.963 4.51667e-08 6.15028e-11
211.427 2.33323e-08 3.40688e-11
274.305 1.19064e-08 2.3262e-11
355.881 6.26414e-09 1.3203e-11
461.718 3.34937e-09 9.33034e-12
599.03 1.72767e-09 5.23644e-12
777.179 8.49525e-10 3.53137e-12
1008.31 4.40265e-10 1.95122e-12
1308.17 2.54674e-10 1.40525e-12
1697.21 1.36515e-10 8.12083e-13
2201.96 6.35702e-11 5.08982e-13
2856.81 3.61565e-11 3.008e-13
3706.4 2.42025e-11 2.18285e-13
4808.67 1.46058e-11 1.34052e-13
6238.74 9.08497e-12 8.8659e-14
8094.1 6.24395e-12 6.22804e-14
10501.2 3.64955e-12 4.03994e-14
13624.2 2.10926e-12 2.43765e-14
17676 1.18453e-12 1.66972e-14
22932.8 6.08816e-13 9.11615e-15
29752.8 3.35538e-13 6.39401e-15
38601.2 1.87408e-13 3.87967e-15
50080.9 9.02337e-14 2.57297e-15
64974.7 4.25902e-14 1.33719e-15
84297.8 2.32285e-14 1.03428e-15
109367 1.14802e-14 5.95956e-16
141893 4.58214e-15 3.94049e-16
184091 1.9643e-15 2.10471e-16
238838 1.00535e-15 1.99715e-16
309868 4.11266e-16 9.9767e-17
402020 1.24741e-16 5.37905e-17
521579 7.28663e-17 3.13489e-17
676694 7.52319e-17 1.70169e-17
877938 7.08795e-17 2.31025e-17
