3.368030000000000257e+01 1.393860000000000068e-06 4.444619999999999899e-09
4.245060000000000144e+01 6.988909999999999549e-07 1.337709999999999923e-09
5.350469999999999970e+01 3.455080000000000257e-07 1.024769999999999967e-09
6.743739999999999668e+01 1.885629999999999925e-07 5.526850000000000410e-10
8.499809999999999377e+01 1.058489999999999971e-07 4.213669999999999885e-10
1.071320000000000050e+02 7.253699999999999632e-08 2.103729999999999931e-10
1.350289999999999964e+02 5.059059999999999775e-08 1.818949999999999959e-10
1.701899999999999977e+02 3.108890000000000252e-08 8.493429999999999848e-11
2.145080000000000098e+02 1.945619999999999988e-08 7.442829999999999619e-11
2.703650000000000091e+02 1.172970000000000014e-08 3.141070000000000145e-11
3.407690000000000055e+02 7.114380000000000407e-09 2.261730000000000057e-11
4.295049999999999955e+02 4.317370000000000364e-09 1.271469999999999953e-11
5.413479999999999563e+02 2.557140000000000126e-09 9.039889999999999763e-12
6.823150000000000546e+02 1.412469999999999983e-09 5.826600000000000234e-12
8.599900000000000091e+02 7.940499999999999618e-10 3.701289999999999873e-12
1.083930000000000064e+03 4.518719999999999777e-10 2.698420000000000128e-12
1.366190000000000055e+03 2.451019999999999773e-10 1.519599999999999907e-12
1.721940000000000055e+03 1.260130000000000125e-10 1.111749999999999983e-12
2.170340000000000146e+03 7.462270000000000433e-11 6.039050000000000405e-13
2.735489999999999782e+03 4.653619999999999875e-11 5.312240000000000193e-13
3.447809999999999945e+03 2.713300000000000081e-11 2.626819999999999908e-13
4.345619999999999891e+03 1.565889999999999904e-11 2.331689999999999832e-13
5.477229999999999563e+03 9.748850000000000410e-12 1.167449999999999988e-13
6.903500000000000000e+03 5.994600000000000326e-12 1.084030000000000001e-13
8.701170000000000073e+03 3.740199999999999754e-12 5.623009999999999837e-14
1.096700000000000000e+04 2.318159999999999888e-12 4.831869999999999686e-14
1.382270000000000073e+04 1.357289999999999965e-12 2.428479999999999892e-14
1.742220000000000073e+04 8.024350000000000033e-13 2.128109999999999944e-14
2.195890000000000146e+04 4.766450000000000354e-13 1.050110000000000018e-14
2.767700000000000000e+04 2.827120000000000075e-13 8.404319999999999271e-15
3.488409999999999854e+04 1.687990000000000010e-13 5.322380000000000314e-15
4.396800000000000000e+04 1.011639999999999943e-13 3.193390000000000009e-15
5.541719999999999709e+04 6.192590000000000071e-14 2.889049999999999880e-15
6.984789999999999418e+04 3.277050000000000031e-14 1.343420000000000045e-15
8.803630000000000291e+04 1.761780000000000004e-14 1.105639999999999956e-15
1.109610000000000000e+05 1.021140000000000023e-14 6.090529999999999592e-16
1.398550000000000000e+05 6.085490000000000205e-15 3.611049999999999779e-16
1.762730000000000000e+05 3.567309999999999979e-15 2.862029999999999985e-16
2.221750000000000000e+05 2.254619999999999942e-15 1.752429999999999911e-16
2.800290000000000000e+05 1.457220000000000041e-15 1.006399999999999945e-16
3.529490000000000000e+05 9.379680000000000984e-16 6.873900000000000378e-17
4.448570000000000000e+05 6.041980000000000016e-16 5.351349999999999802e-17
5.606980000000000000e+05 3.891440000000000180e-16 4.296680000000000159e-17
7.067040000000000000e+05 2.506409999999999839e-16 3.400840000000000156e-17
8.907290000000000000e+05 1.614329999999999945e-16 2.628079999999999963e-17
1.000000000000000000e+06 1.295572390357249349e-16 0.000000000000000000e+00
2.000000000000000000e+06 3.469138265112496811e-17 0.000000000000000000e+00
3.000000000000000000e+06 1.605028040291205295e-17 0.000000000000000000e+00
