34.171 2.15072e-06 3.72917e-09
44.3332 1.14737e-06 1.25533e-09
57.5177 6.13191e-07 8.0568e-10
74.6231 3.12209e-07 4.30859e-10
96.8155 1.54724e-07 2.58909e-10
125.608 8.79243e-08 1.53234e-10
162.963 5.28092e-08 1.06135e-10
211.427 2.94854e-08 6.25424e-11
274.305 1.64002e-08 4.39374e-11
355.881 8.9352e-09 2.57484e-11
461.718 4.71713e-09 1.80479e-11
599.03 2.50955e-09 1.04051e-11
777.179 1.28925e-09 7.20999e-12
1008.31 6.64411e-10 3.97341e-12
1308.17 3.71212e-10 2.81725e-12
1697.21 1.95516e-10 1.59195e-12
2201.96 9.92217e-11 1.05964e-12
2856.81 5.28529e-11 5.94972e-13
3706.4 3.01556e-11 4.04948e-13
4808.67 1.84103e-11 2.52011e-13
6238.74 1.24553e-11 1.71759e-13
8094.1 9.0695e-12 1.25726e-13
10501.2 5.82794e-12 8.35276e-14
13624.2 3.61104e-12 5.36365e-14
17676 1.99648e-12 3.62174e-14
22932.8 9.93063e-13 1.92767e-14
29752.8 5.35459e-13 1.36527e-14
38601.2 2.8496e-13 7.95607e-15
50080.9 1.33455e-13 5.23987e-15
64974.7 6.47915e-14 2.78148e-15
84297.8 3.49293e-14 2.06401e-15
109367 1.82911e-14 1.16938e-15
141893 9.55865e-15 8.11226e-16
184091 5.45144e-15 4.89363e-16
238838 3.4454e-15 3.74073e-16
309868 1.97137e-15 2.23328e-16
402020 9.86436e-16 1.30382e-16
521579 6.33237e-16 8.32643e-17
676694 5.07213e-16 5.36963e-17
877938 3.91391e-16 6.54022e-17
