34.171 5.47359e-06 2.3124e-09
44.3332 2.7217e-06 7.44882e-10
57.5177 1.37463e-06 5.43366e-10
74.6231 6.32771e-07 2.79807e-10
96.8155 2.60529e-07 1.70539e-10
125.608 1.3363e-07 9.42952e-11
162.963 7.71278e-08 6.98664e-11
211.427 4.08093e-08 3.98448e-11
274.305 2.16087e-08 2.81116e-11
355.881 1.19135e-08 1.6593e-11
461.718 6.6702e-09 1.18951e-11
599.03 3.62279e-09 6.94279e-12
777.179 1.96074e-09 4.94932e-12
1008.31 1.00881e-09 2.77031e-12
1308.17 5.21207e-10 1.96395e-12
1697.21 2.66375e-10 1.11277e-12
2201.96 1.21567e-10 7.37616e-13
2856.81 6.20966e-11 4.02038e-13
3706.4 3.58641e-11 2.85511e-13
4808.67 2.17917e-11 1.76468e-13
6238.74 1.55626e-11 1.2227e-13
8094.1 1.23082e-11 9.63847e-14
10501.2 8.10299e-12 6.37751e-14
13624.2 5.01117e-12 4.04233e-14
17676 2.8849e-12 2.72845e-14
22932.8 1.56268e-12 1.54201e-14
29752.8 9.25759e-13 1.08117e-14
38601.2 5.96086e-13 7.23961e-15
50080.9 3.539e-13 4.97219e-15
64974.7 2.08229e-13 3.00521e-15
84297.8 1.40888e-13 2.20776e-15
109367 1.05521e-13 1.67652e-15
141893 8.22937e-14 1.35253e-15
184091 5.3631e-14 9.08671e-16
238838 3.38476e-14 6.81109e-16
309868 1.71187e-14 3.77455e-16
402020 6.61297e-15 2.11017e-16
521579 2.99595e-15 1.01809e-16
676694 1.47924e-15 6.12645e-17
877938 7.18262e-16 4.85657e-17
