34.171 5.39369e-06 2.92808e-09
44.3332 3.0325e-06 1.04499e-09
57.5177 1.74626e-06 7.59012e-10
74.6231 8.24931e-07 3.94847e-10
96.8155 3.24281e-07 2.24751e-10
125.608 1.68966e-07 1.25998e-10
162.963 1.03241e-07 9.85134e-11
211.427 5.6965e-08 5.86373e-11
274.305 3.09766e-08 4.26714e-11
355.881 1.7029e-08 2.53436e-11
461.718 9.32989e-09 1.84613e-11
599.03 5.14232e-09 1.10036e-11
777.179 2.788e-09 7.97679e-12
1008.31 1.39776e-09 4.37522e-12
1308.17 6.9988e-10 3.05764e-12
1697.21 3.48402e-10 1.67111e-12
2201.96 1.7449e-10 1.17153e-12
2856.81 8.61822e-11 6.29729e-13
3706.4 4.27881e-11 4.23197e-13
4808.67 2.47301e-11 2.53053e-13
6238.74 1.69949e-11 1.82519e-13
8094.1 1.23128e-11 1.33947e-13
10501.2 7.81778e-12 8.97357e-14
13624.2 4.81737e-12 5.73771e-14
17676 2.62162e-12 3.79264e-14
22932.8 1.40017e-12 2.11644e-14
29752.8 8.79567e-13 1.5601e-14
38601.2 5.41358e-13 1.00652e-14
50080.9 2.93096e-13 6.60701e-15
64974.7 1.72705e-13 4.02012e-15
84297.8 1.15485e-13 2.94173e-15
109367 8.71746e-14 2.23077e-15
141893 8.13455e-14 1.98505e-15
184091 6.06192e-14 1.49439e-15
238838 3.83448e-14 1.0605e-15
309868 2.19859e-14 6.41829e-16
402020 1.08022e-14 4.03233e-16
521579 5.6047e-15 2.16681e-16
676694 2.96389e-15 1.24452e-16
877938 1.56171e-15 1.06355e-16
