34.171 4.85506e-06 3.23052e-09
44.3332 2.49916e-06 1.06676e-09
57.5177 1.30934e-06 7.60173e-10
74.6231 5.84598e-07 3.81934e-10
96.8155 2.25427e-07 2.24307e-10
125.608 1.14388e-07 1.23421e-10
162.963 6.7939e-08 9.59261e-11
211.427 3.69628e-08 5.64051e-11
274.305 2.00757e-08 4.10444e-11
355.881 1.10718e-08 2.43411e-11
461.718 6.1366e-09 1.75827e-11
599.03 3.39515e-09 1.04659e-11
777.179 1.82892e-09 7.4222e-12
1008.31 9.35886e-10 4.10631e-12
1308.17 4.91649e-10 2.88943e-12
1697.21 2.50235e-10 1.60014e-12
2201.96 1.24858e-10 1.09143e-12
2856.81 6.42791e-11 6.00353e-13
3706.4 3.47891e-11 4.09081e-13
4808.67 2.08753e-11 2.51585e-13
6238.74 1.43262e-11 1.7546e-13
8094.1 1.05015e-11 1.29409e-13
10501.2 6.78587e-12 8.63508e-14
13624.2 4.22871e-12 5.55835e-14
17676 2.32105e-12 3.66597e-14
22932.8 1.23431e-12 2.03833e-14
29752.8 7.61619e-13 1.48855e-14
38601.2 4.62503e-13 9.5116e-15
50080.9 2.49334e-13 6.3139e-15
64974.7 1.40233e-13 3.71257e-15
84297.8 8.64675e-14 2.67868e-15
109367 5.88768e-14 1.86515e-15
141893 4.76151e-14 1.57605e-15
184091 3.19122e-14 1.09198e-15
238838 1.89632e-14 7.77517e-16
309868 9.59317e-15 4.27722e-16
402020 3.85666e-15 2.41836e-16
521579 1.93528e-15 1.26112e-16
676694 1.14157e-15 7.92336e-17
877938 6.53526e-16 7.34729e-17
