3.368030000000000257e+01 5.359100000000000071e-06 2.972550000000000039e-09
4.245060000000000144e+01 3.093679999999999999e-06 1.025280000000000000e-09
5.350469999999999970e+01 1.819490000000000049e-06 8.167969999999999868e-10
6.743739999999999668e+01 9.438780000000000032e-07 4.276300000000000008e-10
8.499809999999999377e+01 4.313719999999999799e-07 2.867279999999999843e-10
1.071320000000000050e+02 2.663750000000000013e-07 1.408490000000000013e-10
1.350289999999999964e+02 1.641409999999999873e-07 1.239060000000000062e-10
1.701899999999999977e+02 9.489990000000000396e-08 6.001590000000000158e-11
2.145080000000000098e+02 5.544730000000000311e-08 5.246700000000000090e-11
2.703650000000000091e+02 3.116770000000000188e-08 2.417299999999999888e-11
3.407690000000000055e+02 1.769010000000000036e-08 1.765299999999999839e-11
4.295049999999999955e+02 1.013680000000000081e-08 1.026520000000000032e-11
5.413479999999999563e+02 5.855219999999999970e-09 7.250329999999999864e-12
6.823150000000000546e+02 3.530479999999999993e-09 5.069629999999999674e-12
8.599900000000000091e+02 1.979379999999999838e-09 3.248609999999999826e-12
1.083930000000000064e+03 1.002419999999999936e-09 2.245039999999999893e-12
1.366190000000000055e+03 5.492159999999999571e-10 1.276430000000000045e-12
1.721940000000000055e+03 3.120860000000000222e-10 1.020220000000000069e-12
2.170340000000000146e+03 1.766659999999999874e-10 5.464909999999999985e-13
2.735489999999999782e+03 1.016980000000000039e-10 4.713880000000000307e-13
3.447809999999999945e+03 5.347500000000000145e-11 2.281539999999999788e-13
4.345619999999999891e+03 2.755569999999999900e-11 1.942159999999999926e-13
5.477229999999999563e+03 1.632889999999999841e-11 9.853159999999999992e-14
6.903500000000000000e+03 9.450930000000000807e-12 8.948600000000000614e-14
8.701170000000000073e+03 5.630579999999999622e-12 4.663430000000000128e-14
1.096700000000000000e+04 3.337299999999999926e-12 3.907930000000000217e-14
1.382270000000000073e+04 1.991360000000000110e-12 1.999740000000000108e-14
1.742220000000000073e+04 1.183660000000000027e-12 1.760900000000000037e-14
2.195890000000000146e+04 7.159479999999999499e-13 8.783720000000000664e-15
2.767700000000000000e+04 4.321849999999999906e-13 7.084030000000000058e-15
3.488409999999999854e+04 2.606379999999999947e-13 4.526370000000000224e-15
4.396800000000000000e+04 1.567939999999999931e-13 2.716930000000000152e-15
5.541719999999999709e+04 9.472460000000000413e-14 2.423149999999999941e-15
6.984789999999999418e+04 5.581310000000000126e-14 1.157449999999999905e-15
8.803630000000000291e+04 3.216090000000000082e-14 9.553579999999999727e-16
1.109610000000000000e+05 2.209729999999999877e-14 6.065410000000000084e-16
1.398550000000000000e+05 1.602179999999999856e-14 3.710699999999999830e-16
1.762730000000000000e+05 1.170399999999999928e-14 3.312180000000000013e-16
2.221750000000000000e+05 7.700040000000000378e-15 2.091210000000000014e-16
2.800290000000000000e+05 4.900690000000000358e-15 1.135759999999999941e-16
3.529490000000000000e+05 3.138110000000000026e-15 7.232490000000000255e-17
4.448570000000000000e+05 2.007199999999999957e-15 5.385189999999999924e-17
5.606980000000000000e+05 1.284110000000000074e-15 4.264750000000000052e-17
7.067040000000000000e+05 8.214849999999999764e-16 3.367849999999999840e-17
8.907290000000000000e+05 5.255320000000000167e-16 2.602880000000000128e-17
1.000000000000000000e+06 4.203375451116200128e-16 0.000000000000000000e+00
2.000000000000000000e+06 1.102936579547749919e-16 0.000000000000000000e+00
3.000000000000000000e+06 5.042657345763549086e-17 0.000000000000000000e+00
