34.171 5.41544e-06 3.47309e-09
44.3332 2.70691e-06 1.12584e-09
57.5177 1.36615e-06 8.25623e-10
74.6231 6.40963e-07 4.27757e-10
96.8155 2.7663e-07 2.61606e-10
125.608 1.53424e-07 1.52672e-10
162.963 1.01434e-07 1.16022e-10
211.427 5.48827e-08 6.68632e-11
274.305 2.67721e-08 4.2948e-11
355.881 1.45782e-08 2.49395e-11
461.718 8.25681e-09 1.78291e-11
599.03 4.71256e-09 1.07968e-11
777.179 2.85044e-09 8.16401e-12
1008.31 1.4876e-09 4.64027e-12
1308.17 7.626e-10 3.32324e-12
1697.21 3.6668e-10 1.82664e-12
2201.96 1.52501e-10 1.20237e-12
2856.81 7.05554e-11 6.07233e-13
3706.4 3.99313e-11 4.5876e-13
4808.67 2.5712e-11 3.04339e-13
6238.74 1.73008e-11 2.0981e-13
8094.1 1.29062e-11 1.57189e-13
10501.2 8.82784e-12 1.08662e-13
13624.2 5.53308e-12 6.93623e-14
17676 3.10387e-12 4.37931e-14
22932.8 2.0084e-12 2.8649e-14
29752.8 1.71282e-12 2.40294e-14
38601.2 1.12597e-12 1.62888e-14
50080.9 5.75764e-13 1.0229e-14
64974.7 2.97939e-13 5.69182e-15
84297.8 1.55056e-13 3.9631e-15
109367 8.21089e-14 2.24801e-15
141893 4.50571e-14 1.58133e-15
184091 2.796e-14 1.02475e-15
238838 1.87851e-14 7.86569e-16
309868 1.21062e-14 5.20243e-16
402020 7.97549e-15 3.72745e-16
521579 5.18941e-15 2.42834e-16
676694 3.28774e-15 1.43133e-16
877938 2.09279e-15 1.46031e-16
