3.368030000000000257e+01 7.228589999999999853e-06 3.962940000000000379e-09
4.245060000000000144e+01 4.088619999999999828e-06 1.343170000000000026e-09
5.350469999999999970e+01 2.403529999999999924e-06 1.168840000000000071e-09
6.743739999999999668e+01 1.085129999999999977e-06 5.749840000000000485e-10
8.499809999999999377e+01 3.831610000000000255e-07 3.454089999999999908e-10
1.071320000000000050e+02 2.365799999999999916e-07 1.728570000000000112e-10
1.350289999999999964e+02 1.432690000000000106e-07 1.527769999999999885e-10
1.701899999999999977e+02 8.335309999999999747e-08 7.518369999999999598e-11
2.145080000000000098e+02 4.878809999999999864e-08 6.620379999999999786e-11
2.703650000000000091e+02 2.804479999999999977e-08 3.141139999999999841e-11
3.407690000000000055e+02 1.617079999999999879e-08 2.336689999999999972e-11
4.295049999999999955e+02 9.263179999999999439e-09 1.359149999999999999e-11
5.413479999999999563e+02 5.379290000000000353e-09 9.646259999999999733e-12
6.823150000000000546e+02 3.294060000000000100e-09 6.800970000000000252e-12
8.599900000000000091e+02 1.846290000000000042e-09 4.374320000000000287e-12
1.083930000000000064e+03 9.152789999999999575e-10 3.026910000000000074e-12
1.366190000000000055e+03 4.973820000000000098e-10 1.710620000000000036e-12
1.721940000000000055e+03 2.816489999999999959e-10 1.366450000000000100e-12
2.170340000000000146e+03 1.592810000000000004e-10 7.245609999999999658e-13
2.735489999999999782e+03 9.062309999999999904e-11 6.075079999999999596e-13
3.447809999999999945e+03 5.078749999999999781e-11 2.979399999999999906e-13
4.345619999999999891e+03 2.799269999999999966e-11 2.602139999999999957e-13
5.477229999999999563e+03 1.722330000000000154e-11 1.322670000000000108e-13
6.903500000000000000e+03 1.043669999999999975e-11 1.231609999999999990e-13
8.701170000000000073e+03 6.296059999999999731e-12 6.350220000000000229e-14
1.096700000000000000e+04 3.799050000000000054e-12 5.368889999999999881e-14
1.382270000000000073e+04 2.287039999999999916e-12 2.706799999999999886e-14
1.742220000000000073e+04 1.359590000000000066e-12 2.351109999999999978e-14
2.195890000000000146e+04 8.802250000000000182e-13 1.203460000000000035e-14
2.767700000000000000e+04 5.584729999999999570e-13 9.559839999999999557e-15
3.488409999999999854e+04 3.776990000000000247e-13 6.718950000000000050e-15
4.396800000000000000e+04 2.744370000000000250e-13 4.182419999999999832e-15
5.541719999999999709e+04 2.011820000000000004e-13 4.246109999999999886e-15
6.984789999999999418e+04 1.291309999999999978e-13 2.052380000000000032e-15
8.803630000000000291e+04 8.193239999999999478e-14 1.717989999999999937e-15
1.109610000000000000e+05 6.470219999999999970e-14 1.242690000000000083e-15
1.398550000000000000e+05 5.441590000000000293e-14 8.397539999999999583e-16
1.762730000000000000e+05 4.809869999999999881e-14 8.689179999999999920e-16
2.221750000000000000e+05 2.961760000000000069e-14 5.172889999999999536e-16
2.800290000000000000e+05 1.630769999999999952e-14 2.588659999999999844e-16
3.529490000000000000e+05 9.172949999999999299e-15 1.593750000000000013e-16
4.448570000000000000e+05 5.138559999999999627e-15 1.095769999999999956e-16
5.606980000000000000e+05 2.880820000000000139e-15 7.679179999999999532e-17
7.067040000000000000e+05 1.614830000000000052e-15 5.280600000000000082e-17
8.907290000000000000e+05 9.052050000000000825e-16 3.541989999999999747e-17
1.000000000000000000e+06 6.777289617394955477e-16 0.000000000000000000e+00
2.000000000000000000e+06 1.197160339575012330e-16 0.000000000000000000e+00
3.000000000000000000e+06 4.342420492357450789e-17 0.000000000000000000e+00
