34.171 2.52797e-06 2.02034e-09
44.3332 1.24831e-06 6.37105e-10
57.5177 6.14603e-07 4.13734e-10
74.6231 3.09849e-07 2.20679e-10
96.8155 1.58424e-07 1.36951e-10
125.608 9.04299e-08 8.1114e-11
162.963 5.44457e-08 5.50652e-11
211.427 2.9698e-08 3.16889e-11
274.305 1.57807e-08 2.14396e-11
355.881 8.43063e-09 1.23348e-11
461.718 4.44207e-09 8.65045e-12
599.03 2.29806e-09 4.88796e-12
777.179 1.1519e-09 3.40282e-12
1008.31 5.86619e-10 1.87497e-12
1308.17 3.20937e-10 1.35888e-12
1697.21 1.6932e-10 7.80537e-13
2201.96 8.06563e-11 5.10887e-13
2856.81 4.45841e-11 2.97062e-13
3706.4 2.75379e-11 2.12802e-13
4808.67 1.6271e-11 1.28806e-13
6238.74 1.04206e-11 8.7785e-14
8094.1 7.23279e-12 6.22718e-14
10501.2 4.22332e-12 4.03096e-14
13624.2 2.4713e-12 2.45492e-14
17676 1.42279e-12 1.69758e-14
22932.8 7.42305e-13 9.37366e-15
29752.8 4.13874e-13 6.57806e-15
38601.2 2.29414e-13 3.96494e-15
50080.9 1.07061e-13 2.56549e-15
64974.7 5.0327e-14 1.32229e-15
84297.8 2.78771e-14 1.02183e-15
109367 1.40214e-14 5.82459e-16
141893 5.71911e-15 3.67479e-16
184091 2.5312e-15 1.80956e-16
238838 1.30787e-15 1.34433e-16
309868 6.63823e-16 7.59043e-17
402020 3.17475e-16 5.28335e-17
521579 1.94892e-16 3.27201e-17
676694 1.51012e-16 1.99772e-17
877938 1.12455e-16 2.34174e-17
