34.171 1.24432e-06 3.47198e-09
44.3332 7.77084e-07 1.3375e-09
57.5177 4.9296e-07 7.86616e-10
74.6231 2.7623e-07 4.42487e-10
96.8155 1.39192e-07 2.4666e-10
125.608 7.54234e-08 1.39464e-10
162.963 4.00976e-08 9.03352e-11
211.427 2.08165e-08 5.00176e-11
274.305 1.10891e-08 3.45372e-11
355.881 5.85494e-09 1.95869e-11
461.718 3.068e-09 1.34413e-11
599.03 1.61865e-09 7.65421e-12
777.179 8.24879e-10 5.19703e-12
1008.31 4.26423e-10 2.86442e-12
1308.17 2.38968e-10 2.0166e-12
1697.21 1.27594e-10 1.15495e-12
2201.96 6.25893e-11 7.44826e-13
2856.81 3.71846e-11 4.5964e-13
3706.4 2.39304e-11 3.23328e-13
4808.67 1.42709e-11 1.96793e-13
6238.74 8.9148e-12 1.3261e-13
8094.1 5.82546e-12 8.90651e-14
10501.2 3.36472e-12 5.85176e-14
13624.2 1.92497e-12 3.51063e-14
17676 1.06931e-12 2.4029e-14
22932.8 5.52546e-13 1.32089e-14
29752.8 3.00602e-13 9.17275e-15
38601.2 1.68712e-13 5.59186e-15
50080.9 8.29924e-14 3.78336e-15
64974.7 3.80427e-14 1.93979e-15
84297.8 1.94569e-14 1.48114e-15
109367 8.99696e-15 8.24028e-16
141893 3.03724e-15 4.89213e-16
184091 1.34892e-15 2.45137e-16
238838 1.0786e-15 2.89658e-16
309868 2.65137e-16 1.39221e-16
402020 2.02605e-17 2.76719e-17
521579 1.12314e-17 1.53858e-17
676694 2.86788e-17 1.75904e-17
877938 6.00934e-17 4.94839e-17
