3.368030000000000257e+01 2.272310000000000103e-06 3.416960000000000161e-09
4.245060000000000144e+01 1.049999999999999900e-06 9.508169999999999024e-10
5.350469999999999970e+01 4.792850000000000199e-07 7.252169999999999783e-10
6.743739999999999668e+01 2.389569999999999870e-07 3.695079999999999817e-10
8.499809999999999377e+01 1.184040000000000060e-07 2.710699999999999749e-10
1.071320000000000050e+02 8.477010000000000281e-08 1.396720000000000115e-10
1.350289999999999964e+02 6.194110000000000399e-08 1.231269999999999926e-10
1.701899999999999977e+02 3.825459999999999899e-08 5.776529999999999904e-11
2.145080000000000098e+02 2.424930000000000062e-08 5.127550000000000300e-11
2.703650000000000091e+02 1.416419999999999954e-08 2.245099999999999955e-11
3.407690000000000055e+02 8.402139999999999691e-09 1.644200000000000123e-11
4.295049999999999955e+02 4.995089999999999963e-09 9.377520000000000618e-12
5.413479999999999563e+02 2.924700000000000044e-09 6.639769999999999687e-12
6.823150000000000546e+02 1.639560000000000075e-09 4.322439999999999907e-12
8.599900000000000091e+02 9.328499999999999374e-10 2.765769999999999836e-12
1.083930000000000064e+03 5.380020000000000205e-10 1.993820000000000081e-12
1.366190000000000055e+03 3.002459999999999887e-10 1.139660000000000013e-12
1.721940000000000055e+03 1.621690000000000115e-10 8.451870000000000417e-13
2.170340000000000146e+03 9.453180000000000075e-11 4.540110000000000230e-13
2.735489999999999782e+03 5.610169999999999793e-11 3.846150000000000227e-13
3.447809999999999945e+03 3.404550000000000150e-11 1.936430000000000110e-13
4.345619999999999891e+03 2.061929999999999879e-11 1.761629999999999936e-13
5.477229999999999563e+03 1.270979999999999982e-11 8.781609999999999373e-14
6.903500000000000000e+03 7.853389999999999518e-12 8.224989999999999570e-14
8.701170000000000073e+03 4.644399999999999880e-12 4.219729999999999959e-14
1.096700000000000000e+04 2.768409999999999914e-12 3.545969999999999834e-14
1.382270000000000073e+04 1.634180000000000010e-12 1.807770000000000106e-14
1.742220000000000073e+04 9.727450000000000117e-13 1.600410000000000145e-14
2.195890000000000146e+04 5.542429999999999841e-13 7.774300000000000129e-15
2.767700000000000000e+04 3.169439999999999973e-13 6.198509999999999821e-15
3.488409999999999854e+04 1.834559999999999960e-13 3.835329999999999944e-15
4.396800000000000000e+04 1.073189999999999944e-13 2.355239999999999988e-15
5.541719999999999709e+04 6.453079999999999853e-14 2.124410000000000140e-15
6.984789999999999418e+04 3.181370000000000181e-14 9.797640000000000384e-16
8.803630000000000291e+04 1.618599999999999914e-14 7.944119999999999603e-16
1.109610000000000000e+05 8.571200000000000121e-15 4.130569999999999985e-16
1.398550000000000000e+05 4.619129999999999783e-15 2.542699999999999882e-16
1.762730000000000000e+05 2.455739999999999944e-15 1.928569999999999900e-16
2.221750000000000000e+05 1.400460000000000081e-15 1.087229999999999969e-16
2.800290000000000000e+05 8.151629999999999695e-16 6.270569999999999753e-17
3.529490000000000000e+05 4.726369999999999727e-16 4.370229999999999895e-17
4.448570000000000000e+05 2.742410000000000124e-16 3.236080000000000117e-17
5.606980000000000000e+05 1.591019999999999967e-16 2.362059999999999894e-17
7.067040000000000000e+05 9.230639999999999749e-17 1.674269999999999951e-17
8.907290000000000000e+05 5.355309999999999895e-17 1.154809999999999943e-17
1.000000000000000000e+06 4.079060130309497559e-17 0.000000000000000000e+00
2.000000000000000000e+06 7.986950079573714240e-18 0.000000000000000000e+00
3.000000000000000000e+06 3.076966236870396874e-18 0.000000000000000000e+00
