3.368030000000000257e+01 2.293199999999999914e-06 3.741309999999999770e-09
4.245060000000000144e+01 1.308300000000000035e-06 1.276640000000000050e-09
5.350469999999999970e+01 7.559990000000000187e-07 1.033519999999999963e-09
6.743739999999999668e+01 4.007450000000000061e-07 5.559909999999999673e-10
8.499809999999999377e+01 1.948270000000000015e-07 4.004359999999999808e-10
1.071320000000000050e+02 1.156869999999999956e-07 1.914979999999999936e-10
1.350289999999999964e+02 6.756229999999999612e-08 1.621369999999999955e-10
1.701899999999999977e+02 4.166529999999999921e-08 7.989129999999999583e-11
2.145080000000000098e+02 2.560900000000000121e-08 7.131939999999999517e-11
2.703650000000000091e+02 1.481570000000000044e-08 3.030260000000000297e-11
3.407690000000000055e+02 8.714379999999999845e-09 2.175550000000000115e-11
4.295049999999999955e+02 5.306519999999999993e-09 1.239419999999999984e-11
5.413479999999999563e+02 3.155780000000000036e-09 8.861979999999999767e-12
6.823150000000000546e+02 1.798680000000000038e-09 5.849310000000000246e-12
8.599900000000000091e+02 1.009780000000000002e-09 3.730839999999999883e-12
1.083930000000000064e+03 5.496039999999999769e-10 2.691089999999999997e-12
1.366190000000000055e+03 2.949179999999999839e-10 1.511809999999999997e-12
1.721940000000000055e+03 1.532359999999999969e-10 1.137700000000000090e-12
2.170340000000000146e+03 8.856710000000000376e-11 6.127590000000000348e-13
2.735489999999999782e+03 5.343089999999999925e-11 5.376619999999999965e-13
3.447809999999999945e+03 3.002220000000000025e-11 2.636350000000000171e-13
4.345619999999999891e+03 1.650549999999999990e-11 2.291089999999999985e-13
5.477229999999999563e+03 1.055000000000000008e-11 1.167340000000000103e-13
6.903500000000000000e+03 6.590939999999999783e-12 1.094549999999999991e-13
8.701170000000000073e+03 4.172289999999999784e-12 5.671760000000000008e-14
1.096700000000000000e+04 2.622379999999999980e-12 4.908120000000000244e-14
1.382270000000000073e+04 1.560020000000000051e-12 2.449519999999999934e-14
1.742220000000000073e+04 9.116329999999999385e-13 2.093689999999999988e-14
2.195890000000000146e+04 6.389710000000000245e-13 1.119540000000000044e-14
2.767700000000000000e+04 4.366910000000000019e-13 8.950479999999999453e-15
3.488409999999999854e+04 3.063469999999999870e-13 6.470599999999999870e-15
4.396800000000000000e+04 2.214200000000000047e-13 3.894639999999999719e-15
5.541719999999999709e+04 1.569309999999999904e-13 3.764470000000000209e-15
6.984789999999999418e+04 1.216029999999999969e-13 2.045560000000000052e-15
8.803630000000000291e+04 9.042699999999999677e-14 1.795149999999999992e-15
1.109610000000000000e+05 7.877199999999999494e-14 1.420220000000000031e-15
1.398550000000000000e+05 7.121879999999999992e-14 9.952660000000000288e-16
1.762730000000000000e+05 6.906519999999999585e-14 1.088629999999999903e-15
2.221750000000000000e+05 4.279859999999999774e-14 6.525490000000000057e-16
2.800290000000000000e+05 2.308880000000000078e-14 3.244509999999999940e-16
3.529490000000000000e+05 1.279110000000000071e-14 2.002249999999999896e-16
4.448570000000000000e+05 7.049889999999999862e-15 1.365499999999999952e-16
5.606980000000000000e+05 3.889450000000000122e-15 9.430309999999999551e-17
7.067040000000000000e+05 2.145409999999999889e-15 6.375630000000000024e-17
8.907290000000000000e+05 1.183449999999999933e-15 4.202429999999999909e-17
1.000000000000000000e+06 8.789592219932172460e-16 0.000000000000000000e+00
2.000000000000000000e+06 1.479645768385381898e-16 0.000000000000000000e+00
3.000000000000000000e+06 5.218039423415941899e-17 0.000000000000000000e+00
