34.171 1.08287e-06 3.80168e-09
44.3332 7.07173e-07 1.53057e-09
57.5177 4.69595e-07 9.33805e-10
74.6231 2.70854e-07 5.38468e-10
96.8155 1.40759e-07 3.04076e-10
125.608 7.93264e-08 1.78214e-10
162.963 4.37497e-08 1.18822e-10
211.427 2.32381e-08 6.75761e-11
274.305 1.24724e-08 4.79286e-11
355.881 6.68146e-09 2.76701e-11
461.718 3.54806e-09 1.94044e-11
599.03 1.88062e-09 1.10852e-11
777.179 9.53109e-10 7.42342e-12
1008.31 5.0132e-10 4.10988e-12
1308.17 2.96182e-10 2.86642e-12
1697.21 1.60269e-10 1.64305e-12
2201.96 8.15785e-11 1.06414e-12
2856.81 4.45357e-11 6.07701e-13
3706.4 2.67951e-11 4.23203e-13
4808.67 1.60302e-11 2.60348e-13
6238.74 9.99825e-12 1.77473e-13
8094.1 6.57707e-12 1.20423e-13
10501.2 3.62902e-12 7.65732e-14
13624.2 2.13865e-12 4.72902e-14
17676 1.23566e-12 3.33574e-14
22932.8 6.17794e-13 1.78532e-14
29752.8 3.28675e-13 1.24987e-14
38601.2 1.74665e-13 7.29713e-15
50080.9 8.29323e-14 4.92643e-15
64974.7 3.89369e-14 2.57937e-15
84297.8 1.95313e-14 1.9019e-15
109367 9.37364e-15 1.02321e-15
141893 4.39587e-15 7.12724e-16
184091 2.24149e-15 4.07192e-16
238838 1.37537e-15 3.69903e-16
309868 4.38163e-16 1.64682e-16
402020 6.7463e-17 5.453e-17
521579 3.84231e-17 3.12078e-17
676694 6.38753e-17 2.84542e-17
877938 9.10245e-17 5.92492e-17
