34.171 1.7861e-06 3.2834e-09
44.3332 9.86944e-07 1.14602e-09
57.5177 5.46602e-07 7.69105e-10
74.6231 2.91347e-07 4.29644e-10
96.8155 1.51658e-07 2.67107e-10
125.608 8.60999e-08 1.57818e-10
162.963 5.00083e-08 1.06018e-10
211.427 2.62583e-08 5.91021e-11
274.305 1.34945e-08 3.93532e-11
355.881 7.33755e-09 2.29817e-11
461.718 3.98316e-09 1.63329e-11
599.03 1.98909e-09 8.98502e-12
777.179 9.48916e-10 6.15896e-12
1008.31 4.87088e-10 3.44376e-12
1308.17 2.7096e-10 2.58676e-12
1697.21 1.34149e-10 1.40253e-12
2201.96 6.53655e-11 9.55092e-13
2856.81 3.545e-11 5.44365e-13
3706.4 2.09141e-11 3.68257e-13
4808.67 1.32848e-11 2.34717e-13
6238.74 9.82434e-12 1.56835e-13
8094.1 8.20856e-12 1.2846e-13
10501.2 5.66459e-12 8.45393e-14
13624.2 3.6148e-12 5.49934e-14
17676 2.05087e-12 3.6879e-14
22932.8 1.0225e-12 1.96146e-14
29752.8 5.40009e-13 1.35877e-14
38601.2 2.8764e-13 7.88728e-15
50080.9 1.39809e-13 5.29967e-15
64974.7 6.47572e-14 2.71225e-15
84297.8 3.167e-14 1.90222e-15
109367 1.71178e-14 1.11445e-15
141893 9.51161e-15 8.20037e-16
184091 4.99995e-15 4.60676e-16
238838 2.71099e-15 3.17824e-16
309868 1.70344e-15 2.06165e-16
402020 1.26121e-15 1.62605e-16
521579 7.59574e-16 9.9385e-17
676694 3.80838e-16 5.26685e-17
877938 1.97636e-16 4.42494e-17
