34.171 2.52342e-06 2.97937e-09
44.3332 1.44577e-06 1.07868e-09
57.5177 8.39067e-07 7.61219e-10
74.6231 4.36772e-07 4.2258e-10
96.8155 2.07066e-07 2.59771e-10
125.608 1.10769e-07 1.47781e-10
162.963 6.12415e-08 1.02309e-10
211.427 3.16183e-08 5.65664e-11
274.305 1.64805e-08 3.8539e-11
355.881 9.20133e-09 2.28965e-11
461.718 5.20822e-09 1.62322e-11
599.03 2.76958e-09 9.28345e-12
777.179 1.45756e-09 6.50028e-12
1008.31 7.65752e-10 3.71481e-12
1308.17 4.0764e-10 2.70521e-12
1697.21 1.9782e-10 1.45175e-12
2201.96 9.60508e-11 1.01598e-12
2856.81 4.94116e-11 5.60811e-13
3706.4 2.61495e-11 3.75555e-13
4808.67 1.60217e-11 2.33287e-13
6238.74 1.21792e-11 1.63662e-13
8094.1 1.01499e-11 1.34443e-13
10501.2 6.83247e-12 8.79976e-14
13624.2 4.35939e-12 5.72159e-14
17676 2.501e-12 3.81671e-14
22932.8 1.32104e-12 2.10809e-14
29752.8 7.70554e-13 1.47847e-14
38601.2 4.65475e-13 9.36469e-15
50080.9 2.63492e-13 6.36839e-15
64974.7 1.48487e-13 3.73177e-15
84297.8 9.14955e-14 2.63903e-15
109367 6.64186e-14 1.95279e-15
141893 5.54766e-14 1.68646e-15
184091 3.608e-14 1.13637e-15
238838 2.16363e-14 8.31007e-16
309868 1.08993e-14 4.57829e-16
402020 4.3201e-15 2.59044e-16
521579 2.10327e-15 1.3216e-16
676694 1.16716e-15 8.20334e-17
877938 6.3193e-16 7.21679e-17
