3.368030000000000257e+01 6.657059999999999922e-06 3.090560000000000131e-09
4.245060000000000144e+01 3.454270000000000133e-06 9.640659999999999256e-10
5.350469999999999970e+01 1.838900000000000088e-06 8.252740000000000186e-10
6.743739999999999668e+01 8.177470000000000499e-07 4.082920000000000103e-10
8.499809999999999377e+01 3.008350000000000068e-07 2.626790000000000087e-10
1.071320000000000050e+02 1.873840000000000056e-07 1.318409999999999896e-10
1.350289999999999964e+02 1.128320000000000008e-07 1.150319999999999937e-10
1.701899999999999977e+02 7.323100000000000240e-08 5.847709999999999445e-11
2.145080000000000098e+02 4.751750000000000181e-08 5.437450000000000181e-11
2.703650000000000091e+02 2.650299999999999916e-08 2.414510000000000059e-11
3.407690000000000055e+02 1.519359999999999849e-08 1.759699999999999944e-11
4.295049999999999955e+02 8.497890000000000730e-09 9.903609999999999237e-12
5.413479999999999563e+02 4.970489999999999862e-09 7.030570000000000001e-12
6.823150000000000546e+02 3.282109999999999950e-09 5.011699999999999739e-12
8.599900000000000091e+02 2.049989999999999866e-09 3.472880000000000041e-12
1.083930000000000064e+03 1.249960000000000097e-09 2.564620000000000032e-12
1.366190000000000055e+03 6.910530000000000330e-10 1.473999999999999980e-12
1.721940000000000055e+03 3.574559999999999907e-10 1.099850000000000004e-12
2.170340000000000146e+03 1.809440000000000061e-10 5.598039999999999843e-13
2.735489999999999782e+03 8.789230000000000264e-11 4.459930000000000162e-13
3.447809999999999945e+03 5.113209999999999939e-11 2.281900000000000102e-13
4.345619999999999891e+03 2.815869999999999875e-11 1.998720000000000040e-13
5.477229999999999563e+03 2.178259999999999970e-11 1.115479999999999958e-13
6.903500000000000000e+03 1.611689999999999891e-11 1.139130000000000065e-13
8.701170000000000073e+03 1.182170000000000000e-11 6.093989999999999613e-14
1.096700000000000000e+04 8.617720000000000563e-12 5.756040000000000028e-14
1.382270000000000073e+04 5.681240000000000135e-12 2.947480000000000003e-14
1.742220000000000073e+04 3.633180000000000075e-12 2.615179999999999869e-14
2.195890000000000146e+04 3.137000000000000063e-12 1.662059999999999875e-14
2.767700000000000000e+04 2.684800000000000031e-12 1.528449999999999977e-14
3.488409999999999854e+04 2.008050000000000112e-12 1.177929999999999954e-14
4.396800000000000000e+04 1.249849999999999970e-12 6.814009999999999665e-15
5.541719999999999709e+04 8.339969999999999652e-13 6.537780000000000303e-15
6.984789999999999418e+04 4.366090000000000231e-13 2.945199999999999816e-15
8.803630000000000291e+04 2.350269999999999940e-13 2.389819999999999851e-15
1.109610000000000000e+05 1.415980000000000041e-13 1.357800000000000094e-15
1.398550000000000000e+05 8.888069999999999608e-14 8.145489999999999757e-16
1.762730000000000000e+05 5.489399999999999940e-14 6.667030000000000184e-16
2.221750000000000000e+05 3.589319999999999720e-14 4.187420000000000110e-16
2.800290000000000000e+05 2.386630000000000050e-14 2.338830000000000181e-16
3.529490000000000000e+05 1.582090000000000115e-14 1.497129999999999983e-16
4.448570000000000000e+05 1.049339999999999968e-14 1.133319999999999945e-16
5.606980000000000000e+05 6.959209999999999737e-15 9.267190000000000067e-17
7.067040000000000000e+05 4.615420000000000360e-15 7.606230000000000240e-17
8.907290000000000000e+05 3.060979999999999895e-15 6.117670000000000513e-17
1.000000000000000000e+06 2.492782793411052048e-15 0.000000000000000000e+00
2.000000000000000000e+06 7.286333834825583556e-16 0.000000000000000000e+00
3.000000000000000000e+06 3.548432131838300679e-16 0.000000000000000000e+00
