34.171 6.52445e-07 3.19676e-09
44.3332 4.82161e-07 1.44842e-09
57.5177 3.65501e-07 9.17712e-10
74.6231 2.30402e-07 5.66488e-10
96.8155 1.22616e-07 3.17195e-10
125.608 6.76254e-08 1.80858e-10
162.963 3.65694e-08 1.16733e-10
211.427 1.83409e-08 6.28658e-11
274.305 9.1381e-09 4.20594e-11
355.881 5.00821e-09 2.48428e-11
461.718 2.71674e-09 1.77196e-11
599.03 1.3286e-09 9.61703e-12
777.179 6.53281e-10 6.95354e-12
1008.31 2.8719e-10 3.41725e-12
1308.17 1.49599e-10 2.62119e-12
1697.21 7.34223e-11 1.42213e-12
2201.96 3.37182e-11 9.26528e-13
2856.81 2.06707e-11 5.81743e-13
3706.4 1.56652e-11 4.1681e-13
4808.67 1.0697e-11 2.85739e-13
6238.74 5.92845e-12 1.7206e-13
8094.1 3.96162e-12 1.17652e-13
10501.2 2.33359e-12 7.63439e-14
13624.2 1.32857e-12 4.51718e-14
17676 6.5751e-13 2.6738e-14
22932.8 5.13312e-13 2.19116e-14
29752.8 2.36567e-13 1.22291e-14
38601.2 1.38892e-13 7.633e-15
50080.9 7.43973e-14 5.23609e-15
64974.7 3.47215e-14 2.73272e-15
84297.8 1.51593e-14 1.80573e-15
109367 7.54697e-15 1.0013e-15
141893 4.19534e-15 8.06121e-16
184091 1.81868e-15 4.32296e-16
238838 7.07301e-16 3.11391e-16
309868 1.9826e-16 1.11204e-16
402020 3.34254e-17 3.57443e-17
521579 2.24759e-17 2.39666e-17
676694 5.26779e-17 2.66509e-17
877938 1.05061e-16 7.34884e-17
