34.171 7.56036e-06 2.40262e-09
44.3332 3.45244e-06 7.2268e-10
57.5177 1.60303e-06 5.27964e-10
74.6231 6.71308e-07 2.58142e-10
96.8155 2.46156e-07 1.55363e-10
125.608 1.23362e-07 8.43218e-11
162.963 7.62833e-08 6.68345e-11
211.427 4.05815e-08 3.85762e-11
274.305 2.06229e-08 2.68196e-11
355.881 1.12711e-08 1.57437e-11
461.718 6.39148e-09 1.15089e-11
599.03 3.49755e-09 6.77088e-12
777.179 1.907e-09 4.86141e-12
1008.31 9.871e-10 2.73524e-12
1308.17 5.12721e-10 1.94328e-12
1697.21 2.62449e-10 1.10281e-12
2201.96 1.19443e-10 7.2951e-13
2856.81 6.1064e-11 3.97696e-13
3706.4 3.53869e-11 2.82386e-13
4808.67 2.15629e-11 1.74937e-13
6238.74 1.5449e-11 1.2132e-13
8094.1 1.22348e-11 9.57408e-14
10501.2 8.04968e-12 6.33421e-14
13624.2 4.9775e-12 4.01404e-14
17676 2.86514e-12 2.70701e-14
22932.8 1.55232e-12 1.52924e-14
29752.8 9.20219e-13 1.06947e-14
38601.2 5.92676e-13 7.16027e-15
50080.9 3.51877e-13 4.91414e-15
64974.7 2.07009e-13 2.97089e-15
84297.8 1.39984e-13 2.18807e-15
109367 1.04904e-13 1.66185e-15
141893 8.19553e-14 1.33579e-15
184091 5.34704e-14 8.98235e-16
238838 3.37868e-14 6.75576e-16
309868 1.70638e-14 3.7457e-16
402020 6.56208e-15 2.09638e-16
521579 2.97258e-15 1.01362e-16
676694 1.47256e-15 6.17964e-17
877938 7.16925e-16 4.9142e-17
