34.171 2.564e-06 2.56282e-09
44.3332 1.26868e-06 8.12448e-10
57.5177 6.26371e-07 5.40994e-10
74.6231 3.19291e-07 2.91928e-10
96.8155 1.65482e-07 1.82772e-10
125.608 9.62702e-08 1.09988e-10
162.963 5.92135e-08 7.50091e-11
211.427 3.25425e-08 4.34252e-11
274.305 1.72791e-08 2.93706e-11
355.881 9.36169e-09 1.70982e-11
461.718 5.02484e-09 1.21007e-11
599.03 2.58023e-09 6.79244e-12
777.179 1.27784e-09 4.69722e-12
1008.31 6.54171e-10 2.59812e-12
1308.17 3.63942e-10 1.90098e-12
1697.21 1.92364e-10 1.09821e-12
2201.96 8.83468e-11 7.04343e-13
2856.81 4.70378e-11 3.93651e-13
3706.4 2.93722e-11 2.80017e-13
4808.67 1.83787e-11 1.76602e-13
6238.74 1.29492e-11 1.18024e-13
8094.1 1.02786e-11 9.29413e-14
10501.2 6.87989e-12 6.17455e-14
13624.2 4.22194e-12 3.89474e-14
17676 2.37996e-12 2.6368e-14
22932.8 1.20897e-12 1.42675e-14
29752.8 6.47271e-13 9.89743e-15
38601.2 3.63341e-13 6.00083e-15
50080.9 1.79836e-13 3.98022e-15
64974.7 8.9392e-14 2.12195e-15
84297.8 5.22814e-14 1.59897e-15
109367 3.00037e-14 9.8356e-16
141893 1.5331e-14 6.53424e-16
184091 8.29502e-15 3.73609e-16
238838 5.09255e-15 2.78146e-16
309868 3.07424e-15 1.75022e-16
402020 1.82757e-15 1.20554e-16
521579 1.07373e-15 7.1927e-17
676694 6.20007e-16 4.14377e-17
877938 3.59147e-16 3.86973e-17
