34.171 2.10796e-06 4.85794e-09
44.3332 1.12707e-06 1.64901e-09
57.5177 6.05411e-07 1.11862e-09
74.6231 3.22841e-07 6.21572e-10
96.8155 1.72547e-07 3.77099e-10
125.608 9.53575e-08 2.17353e-10
162.963 4.998e-08 1.3668e-10
211.427 2.30247e-08 6.94038e-11
274.305 1.02995e-08 4.56717e-11
355.881 5.15226e-09 2.50097e-11
461.718 2.70183e-09 1.79573e-11
599.03 1.40961e-09 1.04623e-11
777.179 6.61211e-10 7.29687e-12
1008.31 2.6023e-10 3.3811e-12
1308.17 1.18091e-10 2.58269e-12
1697.21 5.23285e-11 1.25057e-12
2201.96 2.51439e-11 7.96783e-13
2856.81 1.94296e-11 6.17122e-13
3706.4 1.69364e-11 4.19257e-13
4808.67 1.22938e-11 2.89689e-13
6238.74 7.98575e-12 1.76938e-13
8094.1 5.52744e-12 1.22072e-13
10501.2 3.51657e-12 8.06946e-14
13624.2 2.06157e-12 4.9069e-14
17676 1.08881e-12 3.16947e-14
22932.8 5.67352e-13 1.7425e-14
29752.8 3.39661e-13 1.2843e-14
38601.2 1.87157e-13 7.61073e-15
50080.9 9.37072e-14 5.09705e-15
64974.7 4.65348e-14 2.75069e-15
84297.8 2.63664e-14 2.12119e-15
109367 1.35196e-14 1.2819e-15
141893 4.67606e-15 7.56273e-16
184091 1.66827e-15 3.33259e-16
238838 7.28586e-16 2.65429e-16
309868 2.77802e-16 1.18301e-16
402020 9.05546e-17 6.2577e-17
521579 5.34118e-17 3.71753e-17
676694 5.28599e-17 2.60793e-17
877938 4.81035e-17 3.67815e-17
