34.171 3.4388e-06 2.88961e-09
44.3332 2.01984e-06 1.06463e-09
57.5177 1.21143e-06 7.25812e-10
74.6231 6.0468e-07 3.89151e-10
96.8155 2.57114e-07 2.2631e-10
125.608 1.38217e-07 1.29494e-10
162.963 8.31128e-08 9.62584e-11
211.427 4.6864e-08 5.74396e-11
274.305 2.65583e-08 4.05041e-11
355.881 1.50291e-08 2.43919e-11
461.718 8.47909e-09 1.75325e-11
599.03 4.57298e-09 1.01562e-11
777.179 2.52177e-09 7.37228e-12
1008.31 1.45718e-09 4.60634e-12
1308.17 7.38634e-10 3.12921e-12
1697.21 3.37179e-10 1.59311e-12
2201.96 1.71949e-10 1.20829e-12
2856.81 8.42293e-11 6.60739e-13
3706.4 3.92761e-11 4.50808e-13
4808.67 2.15303e-11 2.5592e-13
6238.74 1.51516e-11 1.83985e-13
8094.1 1.22827e-11 1.49798e-13
10501.2 8.25304e-12 1.02048e-13
13624.2 5.02422e-12 6.42769e-14
17676 2.72626e-12 4.27389e-14
22932.8 1.43445e-12 2.35494e-14
29752.8 8.87434e-13 1.72422e-14
38601.2 5.40928e-13 1.10317e-14
50080.9 2.73986e-13 6.79633e-15
64974.7 1.69071e-13 4.26292e-15
84297.8 1.34197e-13 3.28654e-15
109367 1.17193e-13 2.8198e-15
141893 1.21493e-13 2.57205e-15
184091 9.38905e-14 1.97444e-15
238838 6.60434e-14 1.51372e-15
309868 4.05187e-14 9.94482e-16
402020 1.96274e-14 6.61471e-16
521579 9.38582e-15 3.41887e-16
676694 4.24345e-15 2.04477e-16
877938 1.93972e-15 1.53177e-16
