3.368030000000000257e+01 2.139960000000000006e-06 4.989029999999999676e-09
4.245060000000000144e+01 1.006280000000000088e-06 1.412009999999999966e-09
5.350469999999999970e+01 4.683889999999999996e-07 1.085799999999999911e-09
6.743739999999999668e+01 2.345350000000000021e-07 5.556340000000000067e-10
8.499809999999999377e+01 1.154730000000000044e-07 4.054290000000000069e-10
1.071320000000000050e+02 8.283010000000000000e-08 2.097369999999999913e-10
1.350289999999999964e+02 6.089539999999999880e-08 1.868729999999999967e-10
1.701899999999999977e+02 3.675529999999999694e-08 8.631429999999999785e-11
2.145080000000000098e+02 2.279339999999999948e-08 7.537899999999999375e-11
2.703650000000000091e+02 1.359830000000000008e-08 3.264780000000000150e-11
3.407690000000000055e+02 8.135399999999999845e-09 2.371329999999999994e-11
4.295049999999999955e+02 4.748959999999999698e-09 1.328510000000000041e-11
5.413479999999999563e+02 2.747049999999999938e-09 9.302929999999999418e-12
6.823150000000000546e+02 1.527420000000000088e-09 6.072360000000000189e-12
8.599900000000000091e+02 8.545559999999999595e-10 3.838959999999999628e-12
1.083930000000000064e+03 4.763349999999999893e-10 2.731849999999999916e-12
1.366190000000000055e+03 2.660819999999999917e-10 1.566509999999999956e-12
1.721940000000000055e+03 1.476909999999999918e-10 1.197380000000000094e-12
2.170340000000000146e+03 8.558040000000000155e-11 6.440469999999999516e-13
2.735489999999999782e+03 4.992730000000000113e-11 5.440679999999999795e-13
3.447809999999999945e+03 3.033290000000000053e-11 2.750290000000000189e-13
4.345619999999999891e+03 1.833420000000000078e-11 2.504750000000000005e-13
5.477229999999999563e+03 1.148330000000000056e-11 1.243289999999999895e-13
6.903500000000000000e+03 7.174469999999999822e-12 1.161119999999999903e-13
8.701170000000000073e+03 4.382679999999999658e-12 5.944379999999999456e-14
1.096700000000000000e+04 2.681110000000000074e-12 5.058300000000000015e-14
1.382270000000000073e+04 1.575410000000000049e-12 2.551639999999999945e-14
1.742220000000000073e+04 9.315039999999999050e-13 2.236420000000000002e-14
2.195890000000000146e+04 5.549039999999999749e-13 1.108449999999999937e-14
2.767700000000000000e+04 3.313959999999999947e-13 8.950959999999999808e-15
3.488409999999999854e+04 1.936029999999999930e-13 5.578729999999999835e-15
4.396800000000000000e+04 1.099200000000000001e-13 3.329130000000000120e-15
5.541719999999999709e+04 6.331019999999999917e-14 2.877390000000000002e-15
6.984789999999999418e+04 3.430419999999999761e-14 1.365819999999999975e-15
8.803630000000000291e+04 1.865149999999999946e-14 1.134349999999999983e-15
1.109610000000000000e+05 1.069550000000000034e-14 6.188479999999999537e-16
1.398550000000000000e+05 6.260340000000000275e-15 3.623709999999999772e-16
1.762730000000000000e+05 3.585860000000000251e-15 2.813619999999999855e-16
2.221750000000000000e+05 2.311849999999999888e-15 1.751910000000000102e-16
2.800290000000000000e+05 1.544600000000000092e-15 1.017350000000000029e-16
3.529490000000000000e+05 1.025289999999999942e-15 6.928569999999999795e-17
4.448570000000000000e+05 6.813819999999999755e-16 5.462900000000000106e-17
5.606980000000000000e+05 4.527330000000000145e-16 4.509590000000000053e-17
7.067040000000000000e+05 3.008229999999999777e-16 3.690259999999999961e-17
8.907290000000000000e+05 1.998830000000000079e-16 2.951779999999999866e-17
1.000000000000000000e+06 1.629324495506214850e-16 0.000000000000000000e+00
2.000000000000000000e+06 4.789331235373987728e-17 0.000000000000000000e+00
3.000000000000000000e+06 2.340082545090833711e-17 0.000000000000000000e+00
