34.171 3.67957e-06 4.61001e-09
44.3332 1.63505e-06 1.34593e-09
57.5177 7.20157e-07 9.21746e-10
74.6231 3.46926e-07 4.77178e-10
96.8155 1.81044e-07 3.11505e-10
125.608 1.03674e-07 1.853e-10
162.963 6.11143e-08 1.22205e-10
211.427 3.05115e-08 6.53546e-11
274.305 1.46498e-08 4.27127e-11
355.881 7.45615e-09 2.37621e-11
461.718 3.75251e-09 1.65664e-11
599.03 1.94586e-09 9.61141e-12
777.179 9.26582e-10 6.82951e-12
1008.31 3.68634e-10 3.18539e-12
1308.17 1.6869e-10 2.42979e-12
1697.21 7.69338e-11 1.21208e-12
2201.96 3.95348e-11 8.30573e-13
2856.81 2.90019e-11 6.19346e-13
3706.4 2.09456e-11 4.08516e-13
4808.67 1.41169e-11 2.71162e-13
6238.74 9.34527e-12 1.75617e-13
8094.1 6.37895e-12 1.20603e-13
10501.2 3.91756e-12 7.91029e-14
13624.2 2.31882e-12 4.84701e-14
17676 1.29441e-12 3.22417e-14
22932.8 6.84546e-13 1.79459e-14
29752.8 4.0369e-13 1.30089e-14
38601.2 2.21012e-13 7.65796e-15
50080.9 1.09515e-13 5.07396e-15
64974.7 5.57339e-14 2.77471e-15
84297.8 3.3324e-14 2.15668e-15
109367 1.8363e-14 1.35389e-15
141893 7.09305e-15 8.30411e-16
184091 2.52745e-15 3.57661e-16
238838 9.46835e-16 2.36341e-16
309868 4.67612e-16 1.23961e-16
402020 3.10639e-16 9.40897e-17
521579 1.8968e-16 5.81354e-17
676694 1.1004e-16 3.30162e-17
877938 6.44347e-17 3.11212e-17
