34.171 1.5223e-06 6.27518e-09
44.3332 9.0179e-07 2.30741e-09
57.5177 5.37024e-07 1.38967e-09
74.6231 2.95735e-07 7.74261e-10
96.8155 1.53629e-07 4.33717e-10
125.608 8.37803e-08 2.44576e-10
162.963 4.64019e-08 1.59541e-10
211.427 2.39759e-08 8.84582e-11
274.305 1.20684e-08 5.99031e-11
355.881 6.38114e-09 3.40515e-11
461.718 3.38304e-09 2.34757e-11
599.03 1.78234e-09 1.31481e-11
777.179 9.68972e-10 8.92629e-12
1008.31 5.46609e-10 5.3028e-12
1308.17 2.99963e-10 3.51968e-12
1697.21 1.55626e-10 1.92259e-12
2201.96 8.45007e-11 1.27752e-12
2856.81 4.90886e-11 7.65527e-13
3706.4 3.17384e-11 5.35137e-13
4808.67 2.04389e-11 3.52044e-13
6238.74 1.21462e-11 2.28742e-13
8094.1 7.54462e-12 1.46618e-13
10501.2 4.24897e-12 9.53608e-14
13624.2 2.34717e-12 5.55496e-14
17676 1.29221e-12 3.84497e-14
22932.8 6.46452e-13 2.04741e-14
29752.8 3.53861e-13 1.42412e-14
38601.2 2.08271e-13 8.96266e-15
50080.9 1.08863e-13 6.05453e-15
64974.7 5.46595e-14 3.2778e-15
84297.8 3.17107e-14 2.53264e-15
109367 1.58576e-14 1.45869e-15
141893 5.48669e-15 8.20101e-16
184091 2.27195e-15 3.79445e-16
238838 1.38562e-15 3.34922e-16
309868 7.02451e-16 1.91412e-16
402020 2.60808e-16 1.07637e-16
521579 1.40707e-16 5.9638e-17
676694 1.07506e-16 4.27507e-17
877938 7.73262e-17 4.93217e-17
