3.368030000000000257e+01 1.242159999999999894e-06 4.617369999999999742e-09
4.245060000000000144e+01 7.103470000000000278e-07 1.572860000000000088e-09
5.350469999999999970e+01 4.049809999999999919e-07 1.082739999999999923e-09
6.743739999999999668e+01 2.356800000000000034e-07 5.905290000000000191e-10
8.499809999999999377e+01 1.367480000000000013e-07 3.996370000000000025e-10
1.071320000000000050e+02 8.713760000000000068e-08 1.886670000000000062e-10
1.350289999999999964e+02 5.647650000000000282e-08 1.570120000000000002e-10
1.701899999999999977e+02 3.242739999999999826e-08 7.206610000000000046e-11
2.145080000000000098e+02 1.882299999999999921e-08 6.077639999999999859e-11
2.703650000000000091e+02 1.183070000000000052e-08 2.717929999999999991e-11
3.407690000000000055e+02 7.287620000000000111e-09 2.006759999999999903e-11
4.295049999999999955e+02 4.380519999999999675e-09 1.111069999999999950e-11
5.413479999999999563e+02 2.597219999999999847e-09 7.869090000000000753e-12
6.823150000000000546e+02 1.450089999999999901e-09 4.919079999999999675e-12
8.599900000000000091e+02 8.450520000000000096e-10 3.175769999999999907e-12
1.083930000000000064e+03 5.208860000000000146e-10 2.279320000000000026e-12
1.366190000000000055e+03 2.969450000000000018e-10 1.316299999999999955e-12
1.721940000000000055e+03 1.594369999999999944e-10 9.515829999999999854e-13
2.170340000000000146e+03 9.420740000000000185e-11 5.142069999999999717e-13
2.735489999999999782e+03 5.751800000000000109e-11 4.417160000000000234e-13
3.447809999999999945e+03 3.355379999999999946e-11 2.189520000000000095e-13
4.345619999999999891e+03 1.940509999999999938e-11 1.951420000000000080e-13
5.477229999999999563e+03 1.194250000000000005e-11 9.778309999999999812e-14
6.903500000000000000e+03 7.310339999999999322e-12 9.113390000000000359e-14
8.701170000000000073e+03 4.337790000000000240e-12 4.710959999999999699e-14
1.096700000000000000e+04 2.582100000000000074e-12 3.961260000000000001e-14
1.382270000000000073e+04 1.476029999999999922e-12 2.005319999999999855e-14
1.742220000000000073e+04 8.522750000000000212e-13 1.745060000000000000e-14
2.195890000000000146e+04 4.836970000000000341e-13 8.566670000000000026e-15
2.767700000000000000e+04 2.763950000000000052e-13 6.939770000000000352e-15
3.488409999999999854e+04 1.531870000000000116e-13 4.164700000000000009e-15
4.396800000000000000e+04 8.177949999999999500e-14 2.545640000000000084e-15
5.541719999999999709e+04 4.430770000000000012e-14 2.116929999999999868e-15
6.984789999999999418e+04 2.276609999999999891e-14 1.063550000000000095e-15
8.803630000000000291e+04 1.207039999999999987e-14 9.204239999999999459e-16
1.109610000000000000e+05 5.507400000000000311e-15 4.546750000000000370e-16
1.398550000000000000e+05 2.406999999999999866e-15 2.918919999999999811e-16
1.762730000000000000e+05 1.059739999999999940e-15 1.945939999999999924e-16
2.221750000000000000e+05 4.709990000000000435e-16 9.998009999999999388e-17
2.800290000000000000e+05 2.100730000000000069e-16 6.821960000000000021e-17
3.529490000000000000e+05 9.362749999999999888e-17 4.514600000000000306e-17
4.448570000000000000e+05 4.173520000000000269e-17 2.724650000000000058e-17
5.606980000000000000e+05 1.860319999999999974e-17 1.541429999999999971e-17
7.067040000000000000e+05 8.292350000000000407e-18 8.348290000000000743e-18
8.907290000000000000e+05 3.696290000000000382e-18 4.384709999999999990e-18
1.000000000000000000e+06 2.467793945126856924e-18 0.000000000000000000e+00
2.000000000000000000e+06 2.194316841132198364e-19 0.000000000000000000e+00
3.000000000000000000e+06 5.327189635496521947e-20 0.000000000000000000e+00
