34.171 7.23664e-06 2.04976e-09
44.3332 3.49576e-06 6.42031e-10
57.5177 1.70677e-06 4.55065e-10
74.6231 7.7517e-07 2.28757e-10
96.8155 3.19451e-07 1.34672e-10
125.608 1.72487e-07 7.66936e-11
162.963 1.12933e-07 5.83415e-11
211.427 6.2229e-08 3.42213e-11
274.305 3.17302e-08 2.28276e-11
355.881 1.72542e-08 1.32719e-11
461.718 9.53465e-09 9.38692e-12
599.03 5.63398e-09 5.84879e-12
777.179 3.66752e-09 4.59215e-12
1008.31 1.94422e-09 2.66131e-12
1308.17 9.14185e-10 1.78931e-12
1697.21 4.35645e-10 9.64195e-13
2201.96 1.87553e-10 6.35526e-13
2856.81 9.67065e-11 3.52662e-13
3706.4 5.63868e-11 2.59915e-13
4808.67 3.44388e-11 1.62589e-13
6238.74 2.50838e-11 1.19436e-13
8094.1 1.92799e-11 9.23517e-14
10501.2 1.24361e-11 6.18639e-14
13624.2 7.80517e-12 3.97547e-14
17676 4.56577e-12 2.65102e-14
22932.8 2.80063e-12 1.66181e-14
29752.8 2.14073e-12 1.34379e-14
38601.2 1.43512e-12 9.39536e-15
50080.9 7.42859e-13 6.04932e-15
64974.7 3.68188e-13 3.22182e-15
84297.8 1.95581e-13 2.27398e-15
109367 1.12683e-13 1.40385e-15
141893 6.13728e-14 9.83562e-16
184091 3.48609e-14 5.8401e-16
238838 2.31973e-14 4.45939e-16
309868 1.51066e-14 2.98363e-16
402020 9.62436e-15 2.07638e-16
521579 6.08549e-15 1.31522e-16
676694 3.78758e-15 7.6216e-17
877938 2.36402e-15 7.62503e-17
