3.368030000000000257e+01 6.631729999999999523e-07 4.887769999999999966e-09
4.245060000000000144e+01 4.140329999999999859e-07 1.815390000000000077e-09
5.350469999999999970e+01 2.571839999999999821e-07 1.286380000000000060e-09
6.743739999999999668e+01 1.651009999999999906e-07 7.592069999999999819e-10
8.499809999999999377e+01 1.079029999999999968e-07 5.358950000000000401e-10
1.071320000000000050e+02 7.183719999999999425e-08 2.577699999999999794e-10
1.350289999999999964e+02 4.888800000000000075e-08 2.147869999999999894e-10
1.701899999999999977e+02 2.903610000000000151e-08 9.847850000000000533e-11
2.145080000000000098e+02 1.752209999999999846e-08 8.423220000000000615e-11
2.703650000000000091e+02 1.082959999999999991e-08 3.569300000000000149e-11
3.407690000000000055e+02 6.652790000000000143e-09 2.567099999999999916e-11
4.295049999999999955e+02 4.086070000000000139e-09 1.431770000000000068e-11
5.413479999999999563e+02 2.439209999999999893e-09 1.020010000000000053e-11
6.823150000000000546e+02 1.337070000000000016e-09 6.444880000000000302e-12
8.599900000000000091e+02 7.584839999999999835e-10 4.104299999999999788e-12
1.083930000000000064e+03 4.458550000000000077e-10 2.998150000000000104e-12
1.366190000000000055e+03 2.432179999999999970e-10 1.691269999999999921e-12
1.721940000000000055e+03 1.238130000000000097e-10 1.217869999999999939e-12
2.170340000000000146e+03 7.320119999999999792e-11 6.613850000000000136e-13
2.735489999999999782e+03 4.560279999999999709e-11 5.830839999999999619e-13
3.447809999999999945e+03 2.664020000000000032e-11 2.898829999999999877e-13
4.345619999999999891e+03 1.549019999999999876e-11 2.601530000000000225e-13
5.477229999999999563e+03 9.375620000000000797e-12 1.299440000000000116e-13
6.903500000000000000e+03 5.630999999999999735e-12 1.198469999999999991e-13
8.701170000000000073e+03 3.442809999999999948e-12 6.277360000000000224e-14
1.096700000000000000e+04 2.088839999999999811e-12 5.346849999999999704e-14
1.382270000000000073e+04 1.189879999999999975e-12 2.702130000000000069e-14
1.742220000000000073e+04 6.873079999999999831e-13 2.354469999999999938e-14
2.195890000000000146e+04 3.909209999999999859e-13 1.155100000000000014e-14
2.767700000000000000e+04 2.227999999999999948e-13 9.303480000000000259e-15
3.488409999999999854e+04 1.270040000000000009e-13 5.688609999999999956e-15
4.396800000000000000e+04 7.215869999999999928e-14 3.462240000000000029e-15
5.541719999999999709e+04 4.192640000000000223e-14 3.035239999999999993e-15
6.984789999999999418e+04 2.101259999999999911e-14 1.478139999999999994e-15
8.803630000000000291e+04 1.116849999999999994e-14 1.278320000000000033e-15
1.109610000000000000e+05 4.767500000000000259e-15 6.619399999999999645e-16
1.398550000000000000e+05 1.888869999999999866e-15 4.517740000000000121e-16
1.762730000000000000e+05 8.345340000000000431e-16 3.092370000000000194e-16
2.221750000000000000e+05 1.739999999999999924e-16 9.444100000000000954e-16
2.800290000000000000e+05 3.044059999999999809e-17 4.067080000000000210e-16
3.529490000000000000e+05 5.575770000000000030e-18 1.187679999999999954e-16
4.448570000000000000e+05 1.008990000000000052e-18 2.950509999999999872e-17
5.606980000000000000e+05 1.831739999999999969e-19 6.811129999999999903e-18
7.067040000000000000e+05 3.322540000000000012e-20 1.499329999999999979e-18
8.907290000000000000e+05 6.027979999999999862e-21 3.198940000000000194e-19
1.000000000000000000e+06 2.567554933112305823e-21 0.000000000000000000e+00
2.000000000000000000e+06 1.546211780128023440e-23 0.000000000000000000e+00
3.000000000000000000e+06 7.771512272110089278e-25 0.000000000000000000e+00
