3.368030000000000257e+01 4.920590000000000097e-06 4.287250000000000059e-09
4.245060000000000144e+01 2.508360000000000155e-06 1.312349999999999919e-09
5.350469999999999970e+01 1.305170000000000033e-06 1.068039999999999964e-09
6.743739999999999668e+01 5.876799999999999790e-07 5.260830000000000330e-10
8.499809999999999377e+01 2.264900000000000118e-07 3.459029999999999893e-10
1.071320000000000050e+02 1.355810000000000015e-07 1.713609999999999990e-10
1.350289999999999964e+02 7.963589999999999380e-08 1.504209999999999917e-10
1.701899999999999977e+02 4.684150000000000291e-08 7.450220000000000459e-11
2.145080000000000098e+02 2.749900000000000027e-08 6.561570000000000121e-11
2.703650000000000091e+02 1.656099999999999854e-08 3.066759999999999990e-11
3.407690000000000055e+02 9.912880000000000618e-09 2.304879999999999929e-11
4.295049999999999955e+02 5.899580000000000011e-09 1.332539999999999975e-11
5.413479999999999563e+02 3.497709999999999908e-09 9.562270000000000613e-12
6.823150000000000546e+02 2.056339999999999953e-09 6.399730000000000237e-12
8.599900000000000091e+02 1.180500000000000008e-09 4.145170000000000199e-12
1.083930000000000064e+03 6.569339999999999568e-10 2.974629999999999817e-12
1.366190000000000055e+03 3.570490000000000147e-10 1.681120000000000010e-12
1.721940000000000055e+03 1.867939999999999911e-10 1.255600000000000022e-12
2.170340000000000146e+03 1.084059999999999951e-10 6.738829999999999671e-13
2.735489999999999782e+03 6.526499999999999383e-11 5.818159999999999515e-13
3.447809999999999945e+03 3.767689999999999994e-11 2.852910000000000109e-13
4.345619999999999891e+03 2.151540000000000100e-11 2.509270000000000071e-13
5.477229999999999563e+03 1.328089999999999928e-11 1.250759999999999964e-13
6.903500000000000000e+03 8.096990000000000620e-12 1.154669999999999966e-13
8.701170000000000073e+03 4.994819999999999915e-12 5.936980000000000164e-14
1.096700000000000000e+04 3.070429999999999873e-12 5.063210000000000167e-14
1.382270000000000073e+04 1.859660000000000176e-12 2.571579999999999870e-14
1.742220000000000073e+04 1.121010000000000087e-12 2.266729999999999975e-14
2.195890000000000146e+04 7.095120000000000165e-13 1.158670000000000031e-14
2.767700000000000000e+04 4.444449999999999808e-13 9.406060000000000438e-15
3.488409999999999854e+04 2.866009999999999821e-13 6.360969999999999703e-15
4.396800000000000000e+04 1.911369999999999912e-13 3.912169999999999828e-15
5.541719999999999709e+04 1.269500000000000043e-13 3.724200000000000050e-15
6.984789999999999418e+04 8.332689999999999959e-14 1.839189999999999816e-15
8.803630000000000291e+04 5.305920000000000200e-14 1.543279999999999905e-15
1.109610000000000000e+05 4.146410000000000100e-14 1.104460000000000004e-15
1.398550000000000000e+05 3.423019999999999838e-14 7.316770000000000364e-16
1.762730000000000000e+05 2.995830000000000246e-14 7.487130000000000435e-16
2.221750000000000000e+05 1.741079999999999963e-14 4.237770000000000031e-16
2.800290000000000000e+05 8.929499999999999652e-15 2.065420000000000092e-16
3.529490000000000000e+05 4.692629999999999892e-15 1.252120000000000021e-16
4.448570000000000000e+05 2.454289999999999891e-15 8.225669999999999465e-17
5.606980000000000000e+05 1.284830000000000014e-15 5.403889999999999986e-17
7.067040000000000000e+05 6.724869999999999562e-16 3.461210000000000089e-17
8.907290000000000000e+05 3.519959999999999811e-16 2.159400000000000081e-17
1.000000000000000000e+06 2.546616593355846906e-16 0.000000000000000000e+00
2.000000000000000000e+06 3.663593513280183136e-17 0.000000000000000000e+00
3.000000000000000000e+06 1.178517218944394575e-17 0.000000000000000000e+00
