3.368030000000000257e+01 3.338510000000000160e-06 3.854880000000000237e-09
4.245060000000000144e+01 1.831620000000000092e-06 1.265929999999999991e-09
5.350469999999999970e+01 1.035309999999999918e-06 1.026479999999999954e-09
6.743739999999999668e+01 4.764160000000000224e-07 5.173890000000000008e-10
8.499809999999999377e+01 1.792180000000000104e-07 3.347229999999999824e-10
1.071320000000000050e+02 1.104040000000000005e-07 1.705019999999999971e-10
1.350289999999999964e+02 6.630660000000000427e-08 1.528870000000000015e-10
1.701899999999999977e+02 4.082659999999999713e-08 7.669100000000000431e-11
2.145080000000000098e+02 2.504190000000000138e-08 6.918059999999999786e-11
2.703650000000000091e+02 1.543320000000000084e-08 3.089699999999999810e-11
3.407690000000000055e+02 9.432880000000000621e-09 2.291690000000000063e-11
4.295049999999999955e+02 5.539019999999999759e-09 1.311509999999999932e-11
5.413479999999999563e+02 3.216009999999999940e-09 9.270489999999999205e-12
6.823150000000000546e+02 1.741439999999999934e-09 6.049180000000000282e-12
8.599900000000000091e+02 1.021640000000000000e-09 3.963170000000000368e-12
1.083930000000000064e+03 6.775890000000000266e-10 3.063379999999999817e-12
1.366190000000000055e+03 3.792359999999999920e-10 1.772569999999999989e-12
1.721940000000000055e+03 1.896430000000000037e-10 1.268820000000000040e-12
2.170340000000000146e+03 1.053410000000000036e-10 6.781679999999999836e-13
2.735489999999999782e+03 6.010770000000000327e-11 5.958220000000000233e-13
3.447809999999999945e+03 3.336819999999999831e-11 2.964380000000000037e-13
4.345619999999999891e+03 1.802650000000000038e-11 2.589790000000000014e-13
5.477229999999999563e+03 1.170349999999999996e-11 1.322000000000000072e-13
6.903500000000000000e+03 7.441019999999999731e-12 1.249179999999999934e-13
8.701170000000000073e+03 4.525159999999999673e-12 6.354639999999999618e-14
1.096700000000000000e+04 2.772999999999999998e-12 5.410230000000000036e-14
1.382270000000000073e+04 1.692609999999999994e-12 2.767110000000000111e-14
1.742220000000000073e+04 1.019740000000000055e-12 2.436569999999999911e-14
2.195890000000000146e+04 6.721769999999999539e-13 1.262250000000000030e-14
2.767700000000000000e+04 4.389969999999999822e-13 1.021410000000000006e-14
3.488409999999999854e+04 2.841839999999999935e-13 6.907029999999999745e-15
4.396800000000000000e+04 1.823509999999999972e-13 4.079009999999999991e-15
5.541719999999999709e+04 1.143329999999999936e-13 3.662529999999999976e-15
6.984789999999999418e+04 8.394330000000000543e-14 1.913850000000000126e-15
8.803630000000000291e+04 5.748510000000000160e-14 1.588609999999999992e-15
1.109610000000000000e+05 5.109599999999999882e-14 1.280839999999999924e-15
1.398550000000000000e+05 4.859050000000000258e-14 9.229399999999999654e-16
1.762730000000000000e+05 5.007289999999999685e-14 1.044729999999999919e-15
2.221750000000000000e+05 3.037919999999999792e-14 6.216010000000000006e-16
2.800290000000000000e+05 1.564380000000000070e-14 3.208419999999999881e-16
3.529490000000000000e+05 8.316010000000000012e-15 2.071139999999999966e-16
4.448570000000000000e+05 4.393199999999999679e-15 1.401439999999999901e-16
5.606980000000000000e+05 2.323690000000000096e-15 9.331480000000000516e-17
7.067040000000000000e+05 1.228770000000000046e-15 6.026489999999999739e-17
8.907290000000000000e+05 6.498029999999999805e-16 3.786660000000000156e-17
1.000000000000000000e+06 4.725374182584823198e-16 0.000000000000000000e+00
2.000000000000000000e+06 7.010190819279003148e-17 0.000000000000000000e+00
3.000000000000000000e+06 2.295977841893325048e-17 0.000000000000000000e+00
