3.368030000000000257e+01 1.121249999999999980e-05 4.360600000000000017e-09
4.245060000000000144e+01 5.998929999999999839e-06 1.402230000000000027e-09
5.350469999999999970e+01 3.310290000000000031e-06 1.237719999999999940e-09
6.743739999999999668e+01 1.473120000000000051e-06 6.102659999999999686e-10
8.499809999999999377e+01 5.267600000000000396e-07 3.793600000000000217e-10
1.071320000000000050e+02 3.358780000000000116e-07 1.930360000000000042e-10
1.350289999999999964e+02 2.149050000000000043e-07 1.768220000000000073e-10
1.701899999999999977e+02 1.150599999999999993e-07 8.228579999999999982e-11
2.145080000000000098e+02 6.316619999999999555e-08 6.896249999999999579e-11
2.703650000000000091e+02 3.379179999999999823e-08 3.138410000000000074e-11
3.407690000000000055e+02 1.831659999999999939e-08 2.219340000000000114e-11
4.295049999999999955e+02 1.031419999999999981e-08 1.275519999999999961e-11
5.413479999999999563e+02 5.953490000000000293e-09 8.981200000000000545e-12
6.823150000000000546e+02 3.867330000000000127e-09 6.494460000000000178e-12
8.599900000000000091e+02 2.202829999999999930e-09 4.230040000000000018e-12
1.083930000000000064e+03 1.071439999999999973e-09 2.875459999999999947e-12
1.366190000000000055e+03 5.536539999999999784e-10 1.595810000000000043e-12
1.721940000000000055e+03 2.844240000000000199e-10 1.256379999999999944e-12
2.170340000000000146e+03 1.646030000000000053e-10 6.832979999999999830e-13
2.735489999999999782e+03 1.007899999999999952e-10 6.164429999999999614e-13
3.447809999999999945e+03 5.510160000000000181e-11 2.988289999999999781e-13
4.345619999999999891e+03 2.977770000000000306e-11 2.588929999999999855e-13
5.477229999999999563e+03 1.758030000000000093e-11 1.299140000000000107e-13
6.903500000000000000e+03 1.018830000000000012e-11 1.176580000000000072e-13
8.701170000000000073e+03 6.219809999999999929e-12 6.191489999999999955e-14
1.096700000000000000e+04 3.751619999999999720e-12 5.251950000000000154e-14
1.382270000000000073e+04 2.201210000000000069e-12 2.649239999999999953e-14
1.742220000000000073e+04 1.289399999999999938e-12 2.302180000000000029e-14
2.195890000000000146e+04 7.896370000000000411e-13 1.151419999999999923e-14
2.767700000000000000e+04 4.751839999999999874e-13 9.130120000000000139e-15
3.488409999999999854e+04 3.093549999999999980e-13 6.209470000000000298e-15
4.396800000000000000e+04 2.221339999999999954e-13 3.873470000000000205e-15
5.541719999999999709e+04 1.546020000000000111e-13 3.760050000000000031e-15
6.984789999999999418e+04 1.174910000000000090e-13 2.016650000000000140e-15
8.803630000000000291e+04 8.643389999999999585e-14 1.771580000000000084e-15
1.109610000000000000e+05 7.081350000000000416e-14 1.321099999999999911e-15
1.398550000000000000e+05 5.933830000000000576e-14 8.713239999999999960e-16
1.762730000000000000e+05 5.277119999999999732e-14 8.885770000000000813e-16
2.221750000000000000e+05 3.208599999999999955e-14 5.221610000000000059e-16
2.800290000000000000e+05 1.735860000000000088e-14 2.577149999999999880e-16
3.529490000000000000e+05 9.603810000000000151e-15 1.568230000000000044e-16
4.448570000000000000e+05 5.290430000000000258e-15 1.062719999999999966e-16
5.606980000000000000e+05 2.916769999999999865e-15 7.326920000000000145e-17
7.067040000000000000e+05 1.607839999999999913e-15 4.953500000000000027e-17
8.907290000000000000e+05 8.863340000000000171e-16 3.266169999999999932e-17
1.000000000000000000e+06 6.580724427213981678e-16 0.000000000000000000e+00
2.000000000000000000e+06 1.105628019699627472e-16 0.000000000000000000e+00
3.000000000000000000e+06 3.894567674092168019e-17 0.000000000000000000e+00
