3.368030000000000257e+01 1.152489999999999913e-06 5.337690000000000000e-09
4.245060000000000144e+01 6.656160000000000490e-07 1.835739999999999908e-09
5.350469999999999970e+01 3.832669999999999868e-07 1.260150000000000038e-09
6.743739999999999668e+01 2.251760000000000041e-07 6.904809999999999858e-10
8.499809999999999377e+01 1.319010000000000109e-07 4.628409999999999840e-10
1.071320000000000050e+02 8.471169999999999482e-08 2.176460000000000103e-10
1.350289999999999964e+02 5.538350000000000091e-08 1.787510000000000117e-10
1.701899999999999977e+02 3.193419999999999753e-08 8.070249999999999868e-11
2.145080000000000098e+02 1.862699999999999865e-08 6.741820000000000610e-11
2.703650000000000091e+02 1.173709999999999993e-08 2.948940000000000236e-11
3.407690000000000055e+02 7.243629999999999728e-09 2.148469999999999871e-11
4.295049999999999955e+02 4.330329999999999873e-09 1.175679999999999934e-11
5.413479999999999563e+02 2.560739999999999989e-09 8.290519999999999292e-12
6.823150000000000546e+02 1.433769999999999899e-09 5.181360000000000048e-12
8.599900000000000091e+02 8.314299999999999920e-10 3.332260000000000182e-12
1.083930000000000064e+03 5.038790000000000133e-10 2.375209999999999933e-12
1.366190000000000055e+03 2.866549999999999784e-10 1.369579999999999906e-12
1.721940000000000055e+03 1.550289999999999979e-10 9.966299999999999650e-13
2.170340000000000146e+03 9.164830000000000238e-11 5.386129999999999790e-13
2.735489999999999782e+03 5.590790000000000010e-11 4.619380000000000053e-13
3.447809999999999945e+03 3.260419999999999713e-11 2.283790000000000107e-13
4.345619999999999891e+03 1.883890000000000124e-11 2.028859999999999950e-13
5.477229999999999563e+03 1.162439999999999962e-11 1.013819999999999991e-13
6.903500000000000000e+03 7.143269999999999712e-12 9.452119999999999613e-14
8.701170000000000073e+03 4.188429999999999754e-12 4.840189999999999947e-14
1.096700000000000000e+04 2.472879999999999859e-12 4.040200000000000294e-14
1.382270000000000073e+04 1.416949999999999935e-12 2.045089999999999947e-14
1.742220000000000073e+04 8.179739999999999839e-13 1.777010000000000056e-14
2.195890000000000146e+04 4.661679999999999782e-13 8.722800000000000455e-15
2.767700000000000000e+04 2.672970000000000171e-13 7.056729999999999791e-15
3.488409999999999854e+04 1.488049999999999905e-13 4.247429999999999679e-15
4.396800000000000000e+04 7.984619999999999808e-14 2.588750000000000108e-15
5.541719999999999709e+04 4.356650000000000298e-14 2.163899999999999920e-15
6.984789999999999418e+04 2.222260000000000103e-14 1.082429999999999920e-15
8.803630000000000291e+04 1.171949999999999963e-14 9.331540000000000561e-16
1.109610000000000000e+05 5.345929999999999681e-15 4.621079999999999943e-16
1.398550000000000000e+05 2.339249999999999899e-15 2.984919999999999799e-16
1.762730000000000000e+05 1.033099999999999965e-15 1.997770000000000117e-16
2.221750000000000000e+05 4.532550000000000060e-16 1.009199999999999961e-16
2.800290000000000000e+05 1.986660000000000120e-16 6.723340000000000156e-17
3.529490000000000000e+05 8.709479999999999974e-17 4.369400000000000185e-17
4.448570000000000000e+05 3.818050000000000110e-17 2.592460000000000148e-17
5.606980000000000000e+05 1.673769999999999992e-17 1.442360000000000081e-17
7.067040000000000000e+05 7.337509999999999408e-18 7.682879999999999905e-18
8.907290000000000000e+05 3.216629999999999885e-18 3.968749999999999778e-18
1.000000000000000000e+06 2.129736782913986450e-18 0.000000000000000000e+00
2.000000000000000000e+06 1.801540024393177545e-19 0.000000000000000000e+00
3.000000000000000000e+06 4.247810756478232248e-20 0.000000000000000000e+00
