56.2289 7.00767e-07 2.05152e-09
71.1114 3.5362e-07 6.5247e-10
89.9329 1.7497e-07 3.83742e-10
113.736 9.56748e-08 2.15936e-10
143.839 5.74716e-08 1.40301e-10
181.91 3.37344e-08 8.49085e-11
230.058 1.99782e-08 5.81583e-11
290.949 1.1179e-08 3.45801e-11
367.956 5.92402e-09 2.3831e-11
465.346 3.16501e-09 1.38598e-11
588.512 1.69805e-09 1.02603e-11
744.277 8.70565e-10 5.84559e-12
941.27 4.20393e-10 4.12681e-12
1190.4 2.25173e-10 2.3816e-12
1505.47 1.31679e-10 1.78915e-12
1903.94 7.59982e-11 1.0866e-12
2407.87 4.40828e-11 7.50919e-13
3045.17 2.75195e-11 4.84198e-13
3851.16 1.67597e-11 3.26318e-13
4870.47 1.11104e-11 2.19511e-13
6159.57 7.6758e-12 1.55582e-13
7789.86 4.94059e-12 1.02034e-13
9851.66 2.993e-12 6.89941e-14
12459.2 1.83156e-12 4.37814e-14
15756.8 1.10818e-12 3.10795e-14
19927.3 6.40836e-13 1.89177e-14
25201.6 3.65477e-13 1.3356e-14
31871.8 2.10468e-13 8.16437e-15
40307.6 1.23355e-13 6.0373e-15
50976 6.7553e-14 3.60071e-15
64468.2 3.46979e-14 2.57714e-15
81531.5 1.82312e-14 1.49538e-15
103111 9.66072e-15 1.13249e-15
130402 5.06368e-15 6.67285e-16
164916 2.7834e-15 5.52066e-16
208566 1.09541e-15 2.8482e-16
263768 3.10259e-16 1.6174e-16
333582 1.11669e-16 1.83793e-16
421873 4.61306e-17 2.16381e-16
533533 1.84268e-17 1.43993e-16
