3.368030000000000257e+01 2.376279999999999888e-06 5.387830000000000408e-09
4.245060000000000144e+01 1.134790000000000065e-06 1.547880000000000036e-09
5.350469999999999970e+01 5.386179999999999861e-07 1.200859999999999925e-09
6.743739999999999668e+01 2.670589999999999828e-07 6.037670000000000513e-10
8.499809999999999377e+01 1.278070000000000009e-07 4.201909999999999813e-10
1.071320000000000050e+02 8.960369999999999654e-08 2.114549999999999951e-10
1.350289999999999964e+02 6.406460000000000312e-08 1.813750000000000070e-10
1.701899999999999977e+02 3.842809999999999720e-08 8.331230000000000398e-11
2.145080000000000098e+02 2.361239999999999841e-08 7.214019999999999507e-11
2.703650000000000091e+02 1.404560000000000038e-08 3.240749999999999898e-11
3.407690000000000055e+02 8.381860000000000253e-09 2.396839999999999953e-11
4.295049999999999955e+02 4.915619999999999616e-09 1.354999999999999941e-11
5.413479999999999563e+02 2.879750000000000111e-09 9.593010000000000137e-12
6.823150000000000546e+02 1.676599999999999980e-09 6.361630000000000228e-12
8.599900000000000091e+02 9.483699999999999004e-10 4.068840000000000260e-12
1.083930000000000064e+03 5.098960000000000350e-10 2.853909999999999903e-12
1.366190000000000055e+03 2.881970000000000234e-10 1.639760000000000073e-12
1.721940000000000055e+03 1.659020000000000078e-10 1.254200000000000048e-12
2.170340000000000146e+03 9.955369999999999816e-11 6.800810000000000382e-13
2.735489999999999782e+03 6.060540000000000508e-11 5.679010000000000053e-13
3.447809999999999945e+03 3.712299999999999681e-11 2.849380000000000022e-13
4.345619999999999891e+03 2.268319999999999850e-11 2.578219999999999994e-13
5.477229999999999563e+03 1.412759999999999970e-11 1.286569999999999889e-13
6.903500000000000000e+03 8.796509999999999643e-12 1.206639999999999996e-13
8.701170000000000073e+03 5.360580000000000166e-12 6.201789999999999669e-14
1.096700000000000000e+04 3.271429999999999925e-12 5.277479999999999920e-14
1.382270000000000073e+04 1.918960000000000135e-12 2.642339999999999939e-14
1.742220000000000073e+04 1.137170000000000091e-12 2.313559999999999989e-14
2.195890000000000146e+04 6.607749999999999789e-13 1.133130000000000014e-14
2.767700000000000000e+04 3.837460000000000190e-13 9.048399999999999277e-15
3.488409999999999854e+04 2.274099999999999872e-13 5.699909999999999962e-15
4.396800000000000000e+04 1.376620000000000096e-13 3.480940000000000116e-15
5.541719999999999709e+04 8.471989999999999679e-14 3.174139999999999943e-15
6.984789999999999418e+04 4.553590000000000063e-14 1.492140000000000024e-15
8.803630000000000291e+04 2.493939999999999974e-14 1.246859999999999912e-15
1.109610000000000000e+05 1.423360000000000157e-14 6.806249999999999910e-16
1.398550000000000000e+05 8.259129999999999766e-15 4.057480000000000014e-16
1.762730000000000000e+05 4.737829999999999917e-15 3.192700000000000091e-16
2.221750000000000000e+05 2.874250000000000113e-15 1.884210000000000053e-16
2.800290000000000000e+05 1.772779999999999985e-15 1.057559999999999972e-16
3.529490000000000000e+05 1.090040000000000058e-15 7.129140000000000262e-17
4.448570000000000000e+05 6.706300000000000130e-16 5.387390000000000112e-17
5.606980000000000000e+05 4.125479999999999837e-16 4.143329999999999970e-17
7.067040000000000000e+05 2.537909999999999956e-16 3.126610000000000036e-17
8.907290000000000000e+05 1.561259999999999903e-16 2.301210000000000099e-17
1.000000000000000000e+06 1.224542688811161455e-16 0.000000000000000000e+00
2.000000000000000000e+06 2.857645366652019168e-17 0.000000000000000000e+00
3.000000000000000000e+06 1.219922258623695331e-17 0.000000000000000000e+00
