34.171 7.93045e-07 4.06874e-09
44.3332 5.64084e-07 1.7739e-09
57.5177 4.089e-07 1.06946e-09
74.6231 2.45903e-07 6.29369e-10
96.8155 1.27606e-07 3.443e-10
125.608 7.05665e-08 1.9705e-10
162.963 3.87724e-08 1.29805e-10
211.427 2.03598e-08 7.29109e-11
274.305 1.06929e-08 5.05445e-11
355.881 5.77917e-09 2.94091e-11
461.718 3.06898e-09 2.05399e-11
599.03 1.57567e-09 1.13572e-11
777.179 8.10095e-10 7.69979e-12
1008.31 4.38605e-10 4.42166e-12
1308.17 2.39002e-10 2.96165e-12
1697.21 1.25752e-10 1.64092e-12
2201.96 6.9796e-11 1.10812e-12
2856.81 4.01963e-11 6.62513e-13
3706.4 2.40197e-11 4.47162e-13
4808.67 1.47841e-11 2.83366e-13
6238.74 8.97142e-12 1.92173e-13
8094.1 5.36157e-12 1.19243e-13
10501.2 2.95017e-12 7.74637e-14
13624.2 1.69899e-12 4.6754e-14
17676 9.78214e-13 3.25183e-14
22932.8 5.26894e-13 1.85903e-14
29752.8 2.83968e-13 1.27488e-14
38601.2 1.51394e-13 7.35825e-15
50080.9 7.69575e-14 5.08445e-15
64974.7 3.83335e-14 2.80038e-15
84297.8 1.90006e-14 2.00254e-15
109367 8.90472e-15 1.04753e-15
141893 4.27804e-15 7.39901e-16
184091 2.30466e-15 4.45786e-16
238838 1.34855e-15 3.84641e-16
309868 4.36011e-16 1.6626e-16
402020 7.43828e-17 5.82797e-17
521579 4.33584e-17 3.40835e-17
676694 7.16794e-17 3.05631e-17
877938 1.02021e-16 6.33404e-17
