34.171 1.78614e-06 3.28347e-09
44.3332 9.86959e-07 1.14604e-09
57.5177 5.46602e-07 7.69109e-10
74.6231 2.91344e-07 4.29643e-10
96.8155 1.51655e-07 2.67106e-10
125.608 8.60978e-08 1.57816e-10
162.963 5.00059e-08 1.06016e-10
211.427 2.62565e-08 5.91e-11
274.305 1.34933e-08 3.93516e-11
355.881 7.3372e-09 2.29813e-11
461.718 3.98358e-09 1.63343e-11
599.03 1.9891e-09 8.98555e-12
777.179 9.48457e-10 6.1578e-12
1008.31 4.87145e-10 3.44528e-12
1308.17 2.7172e-10 2.59501e-12
1697.21 1.34009e-10 1.40605e-12
2201.96 6.46929e-11 9.59395e-13
2856.81 3.4727e-11 5.44824e-13
3706.4 2.04211e-11 3.79833e-13
4808.67 1.2279e-11 2.32951e-13
6238.74 8.18876e-12 1.57886e-13
8094.1 6.17648e-12 1.20018e-13
10501.2 3.75376e-12 7.62328e-14
13624.2 2.30407e-12 4.81031e-14
17676 1.36161e-12 3.3032e-14
22932.8 7.0741e-13 1.81008e-14
29752.8 4.0093e-13 1.28771e-14
38601.2 2.13596e-13 7.51801e-15
50080.9 9.74777e-14 4.8935e-15
64974.7 4.29224e-14 2.43425e-15
84297.8 1.99998e-14 1.73255e-15
109367 1.00032e-14 9.67546e-16
141893 4.99326e-15 7.0395e-16
184091 2.38315e-15 3.72659e-16
238838 1.20395e-15 2.70682e-16
309868 6.21768e-16 1.5144e-16
402020 3.14089e-16 1.01013e-16
521579 1.89609e-16 6.14138e-17
676694 1.34596e-16 3.62758e-17
877938 9.2884e-17 3.96701e-17
