56.2289 6.5739e-07 1.4138e-09
71.1114 3.65413e-07 4.89816e-10
89.9329 2.00736e-07 2.85946e-10
113.736 1.152e-07 1.66444e-10
143.839 6.89144e-08 1.0502e-10
181.91 4.05412e-08 6.35093e-11
230.058 2.38891e-08 4.32175e-11
290.949 1.34485e-08 2.58042e-11
367.956 7.24769e-09 1.79489e-11
465.346 3.89691e-09 1.0497e-11
588.512 2.08799e-09 7.75267e-12
744.277 1.06997e-09 4.41272e-12
941.27 5.14818e-10 3.09991e-12
1190.4 2.78497e-10 1.80526e-12
1505.47 1.6826e-10 1.39626e-12
1903.94 9.4569e-11 8.37462e-13
2407.87 5.03616e-11 5.69928e-13
3045.17 3.01447e-11 3.56621e-13
3851.16 1.81404e-11 2.47008e-13
4870.47 1.17935e-11 1.64283e-13
6159.57 7.96723e-12 1.17544e-13
7789.86 5.06304e-12 7.65707e-14
9851.66 3.0549e-12 5.23379e-14
12459.2 1.86351e-12 3.31707e-14
15756.8 1.1267e-12 2.35973e-14
19927.3 6.51709e-13 1.43751e-14
25201.6 3.74743e-13 1.02486e-14
31871.8 2.09642e-13 6.12858e-15
40307.6 1.1352e-13 4.31756e-15
50976 6.30806e-14 2.59093e-15
64468.2 3.63955e-14 1.99971e-15
81531.5 1.87688e-14 1.14987e-15
103111 8.60458e-15 7.83817e-16
130402 4.43249e-15 4.46745e-16
164916 2.55162e-15 3.65312e-16
208566 1.25221e-15 2.02086e-16
263768 5.21725e-16 1.27884e-16
333582 2.74784e-16 6.98538e-17
421873 1.75191e-16 4.53195e-17
533533 1.07328e-16 4.48274e-17
