34.171 1.12069e-06 4.72658e-09
44.3332 7.08664e-07 1.85281e-09
57.5177 4.52668e-07 1.17702e-09
74.6231 2.58321e-07 6.7628e-10
96.8155 1.35659e-07 3.75738e-10
125.608 7.4579e-08 2.1308e-10
162.963 4.02974e-08 1.35334e-10
211.427 2.00236e-08 7.22922e-11
274.305 9.90176e-09 4.84737e-11
355.881 5.30991e-09 2.79737e-11
461.718 2.85684e-09 1.96129e-11
599.03 1.45134e-09 1.08854e-11
777.179 7.11198e-10 7.45402e-12
1008.31 3.52119e-10 4.02309e-12
1308.17 1.83882e-10 2.86325e-12
1697.21 9.67377e-11 1.58938e-12
2201.96 5.30163e-11 1.03052e-12
2856.81 3.35359e-11 6.62866e-13
3706.4 2.33131e-11 4.57855e-13
4808.67 1.48554e-11 2.9497e-13
6238.74 8.75026e-12 1.89234e-13
8094.1 5.45692e-12 1.21543e-13
10501.2 3.09439e-12 7.88895e-14
13624.2 1.73059e-12 4.5847e-14
17676 1.03225e-12 3.20322e-14
22932.8 5.75994e-13 1.87666e-14
29752.8 3.1445e-13 1.25352e-14
38601.2 1.78506e-13 7.59201e-15
50080.9 9.42521e-14 5.1961e-15
64974.7 4.78848e-14 2.90623e-15
84297.8 2.40813e-14 2.10033e-15
109367 1.04825e-14 1.05747e-15
141893 4.45687e-15 7.2977e-16
184091 2.04515e-15 3.85629e-16
238838 8.76387e-16 2.61254e-16
309868 4.37097e-16 1.41783e-16
402020 2.71082e-16 1.15879e-16
521579 1.37427e-16 6.38002e-17
676694 5.93388e-17 3.75476e-17
877938 2.64455e-17 2.74574e-17
