3.368030000000000257e+01 1.393720000000000015e-06 4.444670000000000121e-09
4.245060000000000144e+01 6.988170000000000298e-07 1.337720000000000009e-09
5.350469999999999970e+01 3.454679999999999804e-07 1.024750000000000003e-09
6.743739999999999668e+01 1.885419999999999952e-07 5.526600000000000333e-10
8.499809999999999377e+01 1.058359999999999956e-07 4.213110000000000250e-10
1.071320000000000050e+02 7.252660000000000306e-08 2.103510000000000111e-10
1.350289999999999964e+02 5.058019999999999786e-08 1.818870000000000048e-10
1.701899999999999977e+02 3.108620000000000211e-08 8.493690000000000010e-11
2.145080000000000098e+02 1.945670000000000044e-08 7.443700000000000362e-11
2.703650000000000091e+02 1.172839999999999933e-08 3.141500000000000215e-11
3.407690000000000055e+02 7.113250000000000019e-09 2.262129999999999934e-11
4.295049999999999955e+02 4.317170000000000303e-09 1.271640000000000022e-11
5.413479999999999563e+02 2.557129999999999833e-09 9.041050000000000538e-12
6.823150000000000546e+02 1.412339999999999902e-09 5.826250000000000140e-12
8.599900000000000091e+02 7.939189999999999754e-10 3.700830000000000095e-12
1.083930000000000064e+03 4.517180000000000008e-10 2.697929999999999996e-12
1.366190000000000055e+03 2.450580000000000134e-10 1.519689999999999960e-12
1.721940000000000055e+03 1.261020000000000005e-10 1.113020000000000038e-12
2.170340000000000146e+03 7.450309999999999422e-11 6.040339999999999887e-13
2.735489999999999782e+03 4.628870000000000167e-11 5.308950000000000315e-13
3.447809999999999945e+03 2.695509999999999851e-11 2.629839999999999930e-13
4.345619999999999891e+03 1.557220000000000104e-11 2.343870000000000089e-13
5.477229999999999563e+03 9.562379999999999489e-12 1.176929999999999914e-13
6.903500000000000000e+03 5.822280000000000107e-12 1.094090000000000011e-13
8.701170000000000073e+03 3.538769999999999874e-12 5.699579999999999580e-14
1.096700000000000000e+04 2.145780000000000173e-12 4.850890000000000220e-14
1.382270000000000073e+04 1.248789999999999973e-12 2.454889999999999940e-14
1.742220000000000073e+04 7.353340000000000452e-13 2.157890000000000045e-14
2.195890000000000146e+04 4.210489999999999864e-13 1.051189999999999949e-14
2.767700000000000000e+04 2.422379999999999923e-13 8.410630000000000749e-15
3.488409999999999854e+04 1.382779999999999991e-13 5.145629999999999956e-15
4.396800000000000000e+04 7.788850000000000178e-14 3.110789999999999811e-15
5.541719999999999709e+04 4.514730000000000216e-14 2.722059999999999902e-15
6.984789999999999418e+04 2.189500000000000099e-14 1.281069999999999929e-15
8.803630000000000291e+04 1.092320000000000047e-14 1.039190000000000030e-15
1.109610000000000000e+05 5.659109999999999773e-15 5.481869999999999874e-16
1.398550000000000000e+05 2.964120000000000131e-15 3.675890000000000059e-16
1.762730000000000000e+05 1.587200000000000035e-15 2.898309999999999857e-16
2.221750000000000000e+05 7.176069999999999873e-16 1.546819999999999909e-16
2.800290000000000000e+05 3.092370000000000194e-16 1.053730000000000016e-16
3.529490000000000000e+05 1.345910000000000013e-16 6.863310000000000190e-17
4.448570000000000000e+05 5.845740000000000450e-17 4.042639999999999930e-17
5.606980000000000000e+05 2.540109999999999960e-17 2.229989999999999949e-17
7.067040000000000000e+05 1.103630000000000035e-17 1.177059999999999960e-17
8.907290000000000000e+05 4.795189999999999982e-18 6.024690000000000257e-18
1.000000000000000000e+06 3.160789608869798251e-18 0.000000000000000000e+00
2.000000000000000000e+06 2.603288864763610977e-19 0.000000000000000000e+00
3.000000000000000000e+06 6.043147321271388168e-20 0.000000000000000000e+00
