3.368030000000000257e+01 6.729230000000000283e-06 4.547390000000000362e-09
4.245060000000000144e+01 3.442219999999999969e-06 1.399129999999999903e-09
5.350469999999999970e+01 1.835419999999999954e-06 1.214330000000000086e-09
6.743739999999999668e+01 7.285769999999999998e-07 5.713849999999999868e-10
8.499809999999999377e+01 2.166489999999999966e-07 3.225000000000000237e-10
1.071320000000000050e+02 1.397830000000000017e-07 1.667040000000000118e-10
1.350289999999999964e+02 8.893129999999999378e-08 1.525159999999999984e-10
1.701899999999999977e+02 4.950779999999999813e-08 7.294939999999999368e-11
2.145080000000000098e+02 2.793810000000000054e-08 6.244920000000000496e-11
2.703650000000000091e+02 1.677760000000000129e-08 2.973660000000000074e-11
3.407690000000000055e+02 9.944689999999999498e-09 2.234510000000000098e-11
4.295049999999999955e+02 5.853329999999999680e-09 1.285859999999999935e-11
5.413479999999999563e+02 3.463210000000000079e-09 9.214399999999999996e-12
6.823150000000000546e+02 2.103129999999999954e-09 6.318660000000000058e-12
8.599900000000000091e+02 1.189280000000000054e-09 4.069629999999999896e-12
1.083930000000000064e+03 6.049820000000000311e-10 2.817519999999999893e-12
1.366190000000000055e+03 3.347049999999999831e-10 1.604100000000000001e-12
1.721940000000000055e+03 1.914150000000000054e-10 1.258750000000000064e-12
2.170340000000000146e+03 1.131800000000000036e-10 6.802959999999999519e-13
2.735489999999999782e+03 6.792729999999999713e-11 5.730240000000000027e-13
3.447809999999999945e+03 4.057089999999999790e-11 2.856449999999999910e-13
4.345619999999999891e+03 2.403880000000000052e-11 2.559569999999999867e-13
5.477229999999999563e+03 1.504010000000000010e-11 1.288950000000000026e-13
6.903500000000000000e+03 9.363580000000000780e-12 1.212479999999999949e-13
8.701170000000000073e+03 5.689209999999999747e-12 6.215290000000000066e-14
1.096700000000000000e+04 3.468769999999999971e-12 5.282750000000000260e-14
1.382270000000000073e+04 2.088239999999999996e-12 2.656269999999999911e-14
1.742220000000000073e+04 1.251219999999999994e-12 2.321669999999999878e-14
2.195890000000000146e+04 7.851839999999999792e-13 1.166350000000000030e-14
2.767700000000000000e+04 4.847299999999999954e-13 9.203599999999999906e-15
3.488409999999999854e+04 3.207899999999999892e-13 6.347399999999999761e-15
4.396800000000000000e+04 2.296379999999999753e-13 3.944839999999999627e-15
5.541719999999999709e+04 1.666159999999999890e-13 3.990819999999999637e-15
6.984789999999999418e+04 1.019100000000000045e-13 1.897829999999999917e-15
8.803630000000000291e+04 6.270429999999999617e-14 1.601559999999999937e-15
1.109610000000000000e+05 4.503630000000000016e-14 1.065769999999999961e-15
1.398550000000000000e+05 3.378579999999999928e-14 6.950510000000000404e-16
1.762730000000000000e+05 2.649010000000000026e-14 6.811349999999999737e-16
2.221750000000000000e+05 1.505730000000000113e-14 3.796219999999999788e-16
2.800290000000000000e+05 7.764279999999999229e-15 1.902119999999999983e-16
3.529490000000000000e+05 4.080480000000000388e-15 1.179729999999999993e-16
4.448570000000000000e+05 2.136490000000000131e-15 7.828849999999999754e-17
5.606980000000000000e+05 1.119460000000000051e-15 5.155339999999999872e-17
7.067040000000000000e+05 5.864779999999999819e-16 3.302050000000000083e-17
8.907290000000000000e+05 3.072620000000000218e-16 2.058980000000000117e-17
1.000000000000000000e+06 2.224007959598304134e-16 0.000000000000000000e+00
2.000000000000000000e+06 3.208395874828934683e-17 0.000000000000000000e+00
3.000000000000000000e+06 1.033768211753402525e-17 0.000000000000000000e+00
