3.368030000000000257e+01 2.325249999999999887e-06 2.629290000000000130e-09
4.245060000000000144e+01 1.098380000000000019e-06 7.468869999999999666e-10
5.350469999999999970e+01 5.137340000000000393e-07 5.658470000000000417e-10
6.743739999999999668e+01 2.579270000000000040e-07 2.881670000000000245e-10
8.499809999999999377e+01 1.279470000000000008e-07 2.082219999999999971e-10
1.071320000000000050e+02 8.912460000000000385e-08 1.054190000000000006e-10
1.350289999999999964e+02 6.318760000000000129e-08 9.210480000000000231e-11
1.701899999999999977e+02 3.844250000000000161e-08 4.289090000000000256e-11
2.145080000000000098e+02 2.390899999999999922e-08 3.757479999999999778e-11
2.703650000000000091e+02 1.420069999999999957e-08 1.655249999999999919e-11
3.407690000000000055e+02 8.485180000000000678e-09 1.214580000000000021e-11
4.295049999999999955e+02 4.997860000000000358e-09 6.874129999999999912e-12
5.413479999999999563e+02 2.918230000000000168e-09 4.852659999999999641e-12
6.823150000000000546e+02 1.645920000000000040e-09 3.157839999999999800e-12
8.599900000000000091e+02 9.414119999999999747e-10 2.027400000000000025e-12
1.083930000000000064e+03 5.467819999999999633e-10 1.461329999999999994e-12
1.366190000000000055e+03 3.068939999999999951e-10 8.388780000000000127e-13
1.721940000000000055e+03 1.664399999999999960e-10 6.228080000000000055e-13
2.170340000000000146e+03 9.797330000000000381e-11 3.364999999999999798e-13
2.735489999999999782e+03 5.913649999999999788e-11 2.876300000000000073e-13
3.447809999999999945e+03 3.530879999999999754e-11 1.436390000000000103e-13
4.345619999999999891e+03 2.089540000000000081e-11 1.288400000000000094e-13
5.477229999999999563e+03 1.315959999999999979e-11 6.445859999999999708e-14
6.903500000000000000e+03 8.239079999999999261e-12 6.042640000000000544e-14
8.701170000000000073e+03 5.028119999999999784e-12 3.097459999999999809e-14
1.096700000000000000e+04 3.075580000000000108e-12 2.637900000000000049e-14
1.382270000000000073e+04 1.808780000000000094e-12 1.334450000000000059e-14
1.742220000000000073e+04 1.076489999999999990e-12 1.178530000000000003e-14
2.195890000000000146e+04 6.209410000000000499e-13 5.765169999999999764e-15
2.767700000000000000e+04 3.592399999999999920e-13 4.620869999999999689e-15
3.488409999999999854e+04 2.091889999999999935e-13 2.871739999999999999e-15
4.396800000000000000e+04 1.226280000000000102e-13 1.750109999999999954e-15
5.541719999999999709e+04 7.265880000000000439e-14 1.551030000000000080e-15
6.984789999999999418e+04 3.974990000000000009e-14 7.349049999999999579e-16
8.803630000000000291e+04 2.192089999999999851e-14 6.139069999999999983e-16
1.109610000000000000e+05 1.264569999999999957e-14 3.356759999999999940e-16
1.398550000000000000e+05 7.424990000000000770e-15 1.935860000000000113e-16
1.762730000000000000e+05 4.285990000000000053e-15 1.501630000000000106e-16
2.221750000000000000e+05 2.710549999999999839e-15 9.130889999999999953e-17
2.800290000000000000e+05 1.761809999999999928e-15 5.004020000000000279e-17
3.529490000000000000e+05 1.139399999999999937e-15 3.147669999999999830e-17
4.448570000000000000e+05 7.375560000000000280e-16 2.337219999999999956e-17
5.606980000000000000e+05 4.773530000000000083e-16 1.867000000000000003e-17
7.067040000000000000e+05 3.089559999999999760e-16 1.494459999999999981e-17
8.907290000000000000e+05 1.999639999999999939e-16 1.171870000000000067e-17
1.000000000000000000e+06 1.608713402128760078e-16 0.000000000000000000e+00
2.000000000000000000e+06 4.370922878168378115e-17 0.000000000000000000e+00
3.000000000000000000e+06 2.039574747053918595e-17 0.000000000000000000e+00
