34.171 3.20391e-06 4.8508e-09
44.3332 1.50451e-06 1.46076e-09
57.5177 7.02734e-07 9.25992e-10
74.6231 3.41e-07 4.75914e-10
96.8155 1.7152e-07 2.89356e-10
125.608 9.84544e-08 1.71768e-10
162.963 6.05731e-08 1.16956e-10
211.427 3.36346e-08 6.82059e-11
274.305 1.84123e-08 4.69458e-11
355.881 9.94391e-09 2.72423e-11
461.718 5.23219e-09 1.8975e-11
599.03 2.79301e-09 1.09044e-11
777.179 1.48673e-09 7.62719e-12
1008.31 8.01635e-10 4.39524e-12
1308.17 4.39962e-10 3.07745e-12
1697.21 2.27128e-10 1.69929e-12
2201.96 1.19093e-10 1.15151e-12
2856.81 6.68443e-11 6.74684e-13
3706.4 4.07886e-11 4.67646e-13
4808.67 2.64143e-11 3.07975e-13
6238.74 1.74398e-11 2.08044e-13
8094.1 1.21353e-11 1.46537e-13
10501.2 7.60526e-12 9.84251e-14
13624.2 4.48462e-12 6.07013e-14
17676 2.41606e-12 4.09516e-14
22932.8 1.17353e-12 2.12509e-14
29752.8 6.44644e-13 1.5102e-14
38601.2 3.76349e-13 9.43991e-15
50080.9 1.95601e-13 6.341e-15
64974.7 1.01016e-13 3.48209e-15
84297.8 6.14687e-14 2.65442e-15
109367 3.56354e-14 1.6656e-15
141893 1.63823e-14 1.04472e-15
184091 7.88347e-15 5.43399e-16
238838 4.37075e-15 3.99254e-16
309868 2.51792e-15 2.42533e-16
402020 1.54001e-15 1.76637e-16
521579 9.34136e-16 1.08934e-16
676694 5.60345e-16 6.45435e-17
877938 3.36804e-16 6.24947e-17
