3.368030000000000257e+01 5.301729999999999975e-06 3.750549999999999627e-09
4.245060000000000144e+01 2.971860000000000037e-06 1.258340000000000020e-09
5.350469999999999970e+01 1.704720000000000087e-06 1.033670000000000009e-09
6.743739999999999668e+01 8.355210000000000342e-07 5.288489999999999798e-10
8.499809999999999377e+01 3.497170000000000074e-07 3.488249999999999819e-10
1.071320000000000050e+02 2.151220000000000121e-07 1.740699999999999996e-10
1.350289999999999964e+02 1.307970000000000032e-07 1.547089999999999928e-10
1.701899999999999977e+02 7.732219999999999341e-08 7.698640000000000000e-11
2.145080000000000098e+02 4.601779999999999799e-08 6.874149999999999987e-11
2.703650000000000091e+02 2.596759999999999954e-08 3.191959999999999982e-11
3.407690000000000055e+02 1.486609999999999936e-08 2.353879999999999902e-11
4.295049999999999955e+02 8.712690000000000443e-09 1.387269999999999924e-11
5.413479999999999563e+02 5.094849999999999627e-09 9.904889999999999813e-12
6.823150000000000546e+02 3.039050000000000171e-09 6.870400000000000290e-12
8.599900000000000091e+02 1.707490000000000067e-09 4.409029999999999844e-12
1.083930000000000064e+03 8.843389999999999589e-10 3.101649999999999814e-12
1.366190000000000055e+03 4.702699999999999694e-10 1.731070000000000014e-12
1.721940000000000055e+03 2.477789999999999878e-10 1.324999999999999908e-12
2.170340000000000146e+03 1.415220000000000103e-10 7.079409999999999821e-13
2.735489999999999782e+03 8.397550000000000382e-11 6.153560000000000287e-13
3.447809999999999945e+03 4.597869999999999835e-11 2.969550000000000206e-13
4.345619999999999891e+03 2.475189999999999998e-11 2.549449999999999805e-13
5.477229999999999563e+03 1.502229999999999992e-11 1.279500000000000001e-13
6.903500000000000000e+03 8.930119999999999919e-12 1.169449999999999879e-13
8.701170000000000073e+03 5.476990000000000071e-12 6.042860000000000062e-14
1.096700000000000000e+04 3.337849999999999959e-12 5.131259999999999685e-14
1.382270000000000073e+04 2.033870000000000097e-12 2.618889999999999923e-14
1.742220000000000073e+04 1.224460000000000015e-12 2.303890000000000130e-14
2.195890000000000146e+04 7.977259999999999877e-13 1.198269999999999965e-14
2.767700000000000000e+04 5.134640000000000020e-13 9.814249999999999682e-15
3.488409999999999854e+04 3.362480000000000128e-13 6.724459999999999620e-15
4.396800000000000000e+04 2.250650000000000108e-13 4.112749999999999628e-15
5.541719999999999709e+04 1.476890000000000031e-13 3.853089999999999665e-15
6.984789999999999418e+04 1.072110000000000013e-13 2.010459999999999935e-15
8.803630000000000291e+04 7.370649999999999497e-14 1.703419999999999979e-15
1.109610000000000000e+05 6.364410000000000091e-14 1.334339999999999906e-15
1.398550000000000000e+05 5.835620000000000584e-14 9.218300000000000322e-16
1.762730000000000000e+05 5.720580000000000198e-14 9.856599999999999275e-16
2.221750000000000000e+05 3.581360000000000277e-14 5.938779999999999641e-16
2.800290000000000000e+05 1.950349999999999990e-14 2.917390000000000159e-16
3.529490000000000000e+05 1.090790000000000040e-14 1.768219999999999917e-16
4.448570000000000000e+05 6.069319999999999786e-15 1.201770000000000100e-16
5.606980000000000000e+05 3.380399999999999867e-15 8.360030000000000035e-17
7.067040000000000000e+05 1.882410000000000152e-15 5.714040000000000450e-17
8.907290000000000000e+05 1.048279999999999947e-15 3.810719999999999703e-17
1.000000000000000000e+06 7.822721367289187363e-16 0.000000000000000000e+00
2.000000000000000000e+06 1.354868090819288220e-16 0.000000000000000000e+00
3.000000000000000000e+06 4.858150597195012157e-17 0.000000000000000000e+00
