3.368030000000000257e+01 2.374179999999999942e-06 5.384669999999999770e-09
4.245060000000000144e+01 1.134000000000000069e-06 1.547239999999999922e-09
5.350469999999999970e+01 5.383179999999999635e-07 1.200340000000000014e-09
6.743739999999999668e+01 2.670209999999999927e-07 6.036420000000000130e-10
8.499809999999999377e+01 1.278699999999999929e-07 4.201619999999999911e-10
1.071320000000000050e+02 8.967010000000000036e-08 2.114860000000000026e-10
1.350289999999999964e+02 6.415000000000000202e-08 1.814969999999999937e-10
1.701899999999999977e+02 3.842620000000000034e-08 8.330140000000000611e-11
2.145080000000000098e+02 2.358219999999999990e-08 7.207390000000000534e-11
2.703650000000000091e+02 1.403510000000000006e-08 3.239340000000000210e-11
3.407690000000000055e+02 8.377180000000000637e-09 2.396140000000000087e-11
4.295049999999999955e+02 4.913330000000000031e-09 1.354329999999999945e-11
5.413479999999999563e+02 2.878809999999999905e-09 9.588729999999999674e-12
6.823150000000000546e+02 1.676479999999999984e-09 6.358119999999999973e-12
8.599900000000000091e+02 9.484439999999999148e-10 4.066489999999999972e-12
1.083930000000000064e+03 5.099019999999999831e-10 2.849979999999999939e-12
1.366190000000000055e+03 2.883609999999999827e-10 1.638399999999999966e-12
1.721940000000000055e+03 1.663069999999999924e-10 1.255670000000000041e-12
2.170340000000000146e+03 9.943619999999999831e-11 6.800579999999999887e-13
2.735489999999999782e+03 6.025180000000000384e-11 5.683329999999999776e-13
3.447809999999999945e+03 3.659449999999999962e-11 2.848699999999999766e-13
4.345619999999999891e+03 2.223730000000000098e-11 2.585679999999999843e-13
5.477229999999999563e+03 1.351059999999999940e-11 1.290980000000000069e-13
6.903500000000000000e+03 8.243079999999999647e-12 1.206400000000000039e-13
8.701170000000000073e+03 4.844210000000000015e-12 6.220169999999999940e-14
1.096700000000000000e+04 2.864430000000000145e-12 5.206389999999999942e-14
1.382270000000000073e+04 1.669009999999999974e-12 2.619250000000000111e-14
1.742220000000000073e+04 9.767650000000000289e-13 2.279459999999999849e-14
2.195890000000000146e+04 5.652059999999999849e-13 1.117489999999999942e-14
2.767700000000000000e+04 3.274289999999999774e-13 8.957839999999999636e-15
3.488409999999999854e+04 1.900619999999999933e-13 5.557719999999999914e-15
4.396800000000000000e+04 1.101040000000000047e-13 3.390840000000000092e-15
5.541719999999999709e+04 6.545960000000000211e-14 3.026969999999999959e-15
6.984789999999999418e+04 3.274740000000000039e-14 1.434489999999999965e-15
8.803630000000000291e+04 1.692810000000000147e-14 1.190200000000000092e-15
1.109610000000000000e+05 8.722969999999999825e-15 6.172450000000000340e-16
1.398550000000000000e+05 4.500730000000000068e-15 3.946870000000000077e-16
1.762730000000000000e+05 2.336390000000000086e-15 2.992580000000000203e-16
2.221750000000000000e+05 1.160400000000000081e-15 1.648630000000000078e-16
2.800290000000000000e+05 5.690349999999999862e-16 1.150670000000000118e-16
3.529490000000000000e+05 2.797539999999999799e-16 8.235669999999999874e-17
4.448570000000000000e+05 1.374650000000000062e-16 5.455619999999999941e-17
5.606980000000000000e+05 6.755409999999999709e-17 3.400740000000000287e-17
7.067040000000000000e+05 3.319730000000000130e-17 2.031289999999999920e-17
8.907290000000000000e+05 1.631380000000000020e-17 1.176920000000000052e-17
1.000000000000000000e+06 1.143615762014597104e-17 0.000000000000000000e+00
2.000000000000000000e+06 1.361928070852671429e-18 0.000000000000000000e+00
3.000000000000000000e+06 3.922610062127981332e-19 0.000000000000000000e+00
