3.368030000000000257e+01 4.997009999999999613e-06 4.406569999999999601e-09
4.245060000000000144e+01 2.616989999999999825e-06 1.385650000000000070e-09
5.350469999999999970e+01 1.400919999999999921e-06 1.157809999999999955e-09
6.743739999999999668e+01 6.434260000000000336e-07 5.732389999999999682e-10
8.499809999999999377e+01 2.527780000000000153e-07 3.748069999999999962e-10
1.071320000000000050e+02 1.490960000000000005e-07 1.805920000000000108e-10
1.350289999999999964e+02 8.649560000000000063e-08 1.543340000000000070e-10
1.701899999999999977e+02 4.976869999999999751e-08 7.504550000000000208e-11
2.145080000000000098e+02 2.860390000000000045e-08 6.484210000000000297e-11
2.703650000000000091e+02 1.701600000000000162e-08 3.045379999999999853e-11
3.407690000000000055e+02 1.005290000000000031e-08 2.276169999999999984e-11
4.295049999999999955e+02 5.928140000000000169e-09 1.303970000000000067e-11
5.413479999999999563e+02 3.504709999999999988e-09 9.324440000000000605e-12
6.823150000000000546e+02 2.115930000000000157e-09 6.355909999999999723e-12
8.599900000000000091e+02 1.192650000000000012e-09 4.080530000000000183e-12
1.083930000000000064e+03 6.059710000000000367e-10 2.822439999999999836e-12
1.366190000000000055e+03 3.350810000000000033e-10 1.605970000000000073e-12
1.721940000000000055e+03 1.917179999999999939e-10 1.260440000000000029e-12
2.170340000000000146e+03 1.132939999999999993e-10 6.809080000000000305e-13
2.735489999999999782e+03 6.792460000000000241e-11 5.731099999999999682e-13
3.447809999999999945e+03 4.058380000000000000e-11 2.857540000000000060e-13
4.345619999999999891e+03 2.405609999999999965e-11 2.561229999999999882e-13
5.477229999999999563e+03 1.505129999999999989e-11 1.289749999999999881e-13
6.903500000000000000e+03 9.372060000000000760e-12 1.213389999999999942e-13
8.701170000000000073e+03 5.690929999999999864e-12 6.218509999999999672e-14
1.096700000000000000e+04 3.468340000000000143e-12 5.284009999999999969e-14
1.382270000000000073e+04 2.088089999999999840e-12 2.657010000000000156e-14
1.742220000000000073e+04 1.250970000000000071e-12 2.322000000000000102e-14
2.195890000000000146e+04 7.854120000000000263e-13 1.166919999999999958e-14
2.767700000000000000e+04 4.850890000000000346e-13 9.210069999999999397e-15
3.488409999999999854e+04 3.210939999999999847e-13 6.353050000000000158e-15
4.396800000000000000e+04 2.298330000000000063e-13 3.947949999999999790e-15
5.541719999999999709e+04 1.667369999999999892e-13 3.993439999999999668e-15
6.984789999999999418e+04 1.020240000000000028e-13 1.899959999999999816e-15
8.803630000000000291e+04 6.281639999999999576e-14 1.604540000000000036e-15
1.109610000000000000e+05 4.504429999999999871e-14 1.066239999999999947e-15
1.398550000000000000e+05 3.371489999999999728e-14 6.947209999999999937e-16
1.762730000000000000e+05 2.636559999999999913e-14 6.796999999999999809e-16
2.221750000000000000e+05 1.498579999999999987e-14 3.787890000000000203e-16
2.800290000000000000e+05 7.733229999999999641e-15 1.898539999999999883e-16
3.529490000000000000e+05 4.066560000000000351e-15 1.177689999999999963e-16
4.448570000000000000e+05 2.130520000000000154e-15 7.818929999999999732e-17
5.606980000000000000e+05 1.117019999999999956e-15 5.151840000000000160e-17
7.067040000000000000e+05 5.855630000000000449e-16 3.301899999999999972e-17
8.907290000000000000e+05 3.069710000000000039e-16 2.060209999999999917e-17
1.000000000000000000e+06 2.222583732044666267e-16 0.000000000000000000e+00
2.000000000000000000e+06 3.212241697726227114e-17 0.000000000000000000e+00
3.000000000000000000e+06 1.036121094811632477e-17 0.000000000000000000e+00
