3.368030000000000257e+01 6.824740000000000323e-06 2.329949999999999797e-09
4.245060000000000144e+01 3.366779999999999976e-06 6.916060000000000207e-10
5.350469999999999970e+01 1.717790000000000031e-06 5.791569999999999678e-10
6.743739999999999668e+01 6.881749999999999799e-07 2.742909999999999992e-10
8.499809999999999377e+01 2.145199999999999913e-07 1.617460000000000017e-10
1.071320000000000050e+02 1.380810000000000041e-07 8.409979999999999997e-11
1.350289999999999964e+02 8.785219999999999571e-08 7.773189999999999758e-11
1.701899999999999977e+02 4.926090000000000140e-08 3.742350000000000265e-11
2.145080000000000098e+02 2.801799999999999982e-08 3.227679999999999834e-11
2.703650000000000091e+02 1.650800000000000131e-08 1.496759999999999854e-11
3.407690000000000055e+02 9.667210000000000576e-09 1.107710000000000013e-11
4.295049999999999955e+02 5.685239999999999695e-09 6.374830000000000212e-12
5.413479999999999563e+02 3.347629999999999947e-09 4.549529999999999901e-12
6.823150000000000546e+02 1.999369999999999890e-09 3.087839999999999897e-12
8.599900000000000091e+02 1.148780000000000039e-09 2.004199999999999881e-12
1.083930000000000064e+03 6.274889999999999618e-10 1.422869999999999974e-12
1.366190000000000055e+03 3.450250000000000054e-10 8.098229999999999916e-13
1.721940000000000055e+03 1.866570000000000049e-10 6.165549999999999916e-13
2.170340000000000146e+03 1.087320000000000000e-10 3.328219999999999828e-13
2.735489999999999782e+03 6.498629999999999664e-11 2.866780000000000029e-13
3.447809999999999945e+03 3.807709999999999898e-11 1.426689999999999902e-13
4.345619999999999891e+03 2.203430000000000114e-11 1.271499999999999934e-13
5.477229999999999563e+03 1.388850000000000004e-11 6.400940000000000390e-14
6.903500000000000000e+03 8.668749999999999792e-12 6.004639999999999847e-14
8.701170000000000073e+03 5.302269999999999782e-12 3.079750000000000079e-14
1.096700000000000000e+04 3.249919999999999949e-12 2.625489999999999991e-14
1.382270000000000073e+04 1.951490000000000200e-12 1.329379999999999999e-14
1.742220000000000073e+04 1.164990000000000067e-12 1.164310000000000020e-14
2.195890000000000146e+04 7.406429999999999774e-13 5.915689999999999694e-15
2.767700000000000000e+04 4.644399999999999880e-13 4.728559999999999670e-15
3.488409999999999854e+04 3.030990000000000194e-13 3.222989999999999938e-15
4.396800000000000000e+04 2.071480000000000126e-13 1.969130000000000109e-15
5.541719999999999709e+04 1.410230000000000040e-13 1.895430000000000115e-15
6.984789999999999418e+04 9.346499999999999605e-14 9.400859999999999881e-16
8.803630000000000291e+04 6.044360000000000106e-14 7.954430000000000159e-16
1.109610000000000000e+05 4.698399999999999826e-14 5.674980000000000167e-16
1.398550000000000000e+05 3.834050000000000208e-14 3.793400000000000168e-16
1.762730000000000000e+05 3.314399999999999741e-14 3.907929999999999882e-16
2.221750000000000000e+05 1.920730000000000112e-14 2.214439999999999997e-16
2.800290000000000000e+05 9.853209999999999826e-15 1.098890000000000044e-16
3.529490000000000000e+05 5.176199999999999978e-15 6.782530000000000532e-17
4.448570000000000000e+05 2.706550000000000168e-15 4.487250000000000216e-17
5.606980000000000000e+05 1.416510000000000016e-15 2.950629999999999837e-17
7.067040000000000000e+05 7.412140000000000374e-16 1.887980000000000026e-17
8.907290000000000000e+05 3.878679999999999949e-16 1.176169999999999959e-17
1.000000000000000000e+06 2.805776269083225189e-16 0.000000000000000000e+00
2.000000000000000000e+06 4.033265569866930698e-17 0.000000000000000000e+00
3.000000000000000000e+06 1.296840665372653580e-17 0.000000000000000000e+00
