58.235        7.66262e-07     1.29224e-09
79.6447       3.71493e-07     5.47092e-10
108.925       1.72713e-07     2.53235e-10
148.971       8.56959e-08     1.29723e-10
203.739       4.45159e-08     7.0672e-11 
278.643       2.2986e-08      4.53314e-11
381.084       1.06581e-08     1.99924e-11
521.186       4.66463e-09     1.13792e-11
712.797       1.99273e-09     6.51585e-12
974.851       8.10078e-10     3.67421e-12
1333.25       3.53139e-10     2.09111e-12
1823.41       1.77486e-10     1.21071e-12
2493.77       7.70024e-11     6.81635e-13
3410.59       4.06553e-11     3.97477e-13
4664.47       2.26725e-11     2.35739e-13
6379.32       1.28343e-11     1.41644e-13
8724.63       6.7448e-12      8.35471e-14
11932.2       3.50028e-12     4.93965e-14
16319 	      1.69362e-12     2.88296e-14
22318.5       7.59714e-13     1.64385e-14
30523.8       3.79995e-13     9.60986e-15
41745.6       1.95559e-13     5.7418e-15 
57093.1       1.11084e-13     3.54123e-15
78083 	      6.47859e-14     2.25748e-15
106790 	      4.00477e-14     1.46605e-15
146050 	      2.09208e-14     9.05386e-16
199744 	      1.01209e-14     5.41346e-16
273179 	      5.4305e-15      3.39977e-16
373611 	      2.73304e-15     2.09263e-16
510967	      1.50496e-15     1.33751e-16
