3.368030000000000257e+01 2.732249999999999971e-06 4.222389999999999933e-09
4.245060000000000144e+01 1.457199999999999999e-06 1.350110000000000004e-09
5.350469999999999970e+01 7.824770000000000259e-07 1.088379999999999916e-09
6.743739999999999668e+01 4.009279999999999754e-07 5.733629999999999979e-10
8.499809999999999377e+01 1.906409999999999930e-07 4.135960000000000160e-10
1.071320000000000050e+02 1.200650000000000100e-07 2.024250000000000015e-10
1.350289999999999964e+02 7.473020000000000566e-08 1.741809999999999954e-10
1.701899999999999977e+02 4.722230000000000060e-08 8.523280000000000009e-11
2.145080000000000098e+02 2.997799999999999884e-08 7.687719999999999639e-11
2.703650000000000091e+02 1.712210000000000150e-08 3.226079999999999679e-11
3.407690000000000055e+02 1.002179999999999945e-08 2.305709999999999876e-11
4.295049999999999955e+02 5.999650000000000060e-09 1.297709999999999970e-11
5.413479999999999563e+02 3.594560000000000044e-09 9.320029999999999416e-12
6.823150000000000546e+02 2.191370000000000054e-09 6.266630000000000330e-12
8.599900000000000091e+02 1.319029999999999942e-09 4.201619999999999620e-12
1.083930000000000064e+03 7.954100000000000481e-10 3.095450000000000103e-12
1.366190000000000055e+03 4.440619999999999809e-10 1.788399999999999932e-12
1.721940000000000055e+03 2.361200000000000077e-10 1.352359999999999904e-12
2.170340000000000146e+03 1.231710000000000082e-10 7.000580000000000045e-13
2.735489999999999782e+03 6.269680000000000160e-11 5.746060000000000257e-13
3.447809999999999945e+03 3.483380000000000047e-11 2.896059999999999779e-13
4.345619999999999891e+03 1.846740000000000025e-11 2.506799999999999981e-13
5.477229999999999563e+03 1.318259999999999999e-11 1.353279999999999965e-13
6.903500000000000000e+03 8.902450000000000300e-12 1.317220000000000117e-13
8.701170000000000073e+03 6.779630000000000264e-12 7.263409999999999592e-14
1.096700000000000000e+04 4.987559999999999803e-12 6.895379999999999645e-14
1.382270000000000073e+04 3.067179999999999861e-12 3.383819999999999989e-14
1.742220000000000073e+04 1.818780000000000051e-12 2.840400000000000006e-14
2.195890000000000146e+04 1.660919999999999955e-12 1.880390000000000091e-14
2.767700000000000000e+04 1.496879999999999979e-12 1.743400000000000048e-14
3.488409999999999854e+04 1.120399999999999952e-12 1.339730000000000019e-14
4.396800000000000000e+04 6.536680000000000375e-13 7.406220000000000664e-15
5.541719999999999709e+04 4.114439999999999985e-13 6.754800000000000031e-15
6.984789999999999418e+04 2.104079999999999906e-13 3.035820000000000093e-15
8.803630000000000291e+04 1.087439999999999984e-13 2.402129999999999848e-15
1.109610000000000000e+05 6.798719999999999529e-14 1.405019999999999902e-15
1.398550000000000000e+05 4.540880000000000059e-14 8.523440000000000308e-16
1.762730000000000000e+05 2.953569999999999753e-14 7.135519999999999638e-16
2.221750000000000000e+05 2.109899999999999989e-14 4.867549999999999587e-16
2.800290000000000000e+05 1.550310000000000060e-14 2.890460000000000133e-16
3.529490000000000000e+05 1.133479999999999951e-14 1.873760000000000051e-16
4.448570000000000000e+05 8.294470000000000060e-15 1.458539999999999883e-16
5.606980000000000000e+05 6.068719999999999737e-15 1.295110000000000006e-16
7.067040000000000000e+05 4.440349999999999666e-15 1.184770000000000021e-16
8.907290000000000000e+05 3.248899999999999998e-15 1.067039999999999955e-16
1.000000000000000000e+06 2.779043805548362455e-15 0.000000000000000000e+00
2.000000000000000000e+06 1.090234366812694455e-15 0.000000000000000000e+00
3.000000000000000000e+06 6.306747225327468867e-16 0.000000000000000000e+00
