34.171 2.93626e-06 3.09522e-09
44.3332 1.63235e-06 1.08439e-09
57.5177 9.20532e-07 7.2618e-10
74.6231 4.50383e-07 3.84115e-10
96.8155 1.96025e-07 2.30848e-10
125.608 1.04529e-07 1.31537e-10
162.963 6.0951e-08 9.63246e-11
211.427 3.38278e-08 5.66894e-11
274.305 1.90767e-08 3.99292e-11
355.881 1.06628e-08 2.3769e-11
461.718 5.89988e-09 1.67925e-11
599.03 3.16204e-09 9.63278e-12
777.179 1.74244e-09 6.87843e-12
1008.31 1.03774e-09 4.37105e-12
1308.17 5.64812e-10 3.02605e-12
1697.21 2.61865e-10 1.5575e-12
2201.96 1.28462e-10 1.13296e-12
2856.81 6.49184e-11 6.27531e-13
3706.4 3.32968e-11 4.42103e-13
4808.67 1.88246e-11 2.57264e-13
6238.74 1.29971e-11 1.78071e-13
8094.1 1.05467e-11 1.44526e-13
10501.2 7.16425e-12 9.80782e-14
13624.2 4.4056e-12 6.21454e-14
17676 2.42455e-12 4.14214e-14
22932.8 1.2729e-12 2.27813e-14
29752.8 7.73597e-13 1.64999e-14
38601.2 4.65978e-13 1.04861e-14
50080.9 2.37273e-13 6.64228e-15
64974.7 1.35564e-13 3.91822e-15
84297.8 9.15233e-14 2.85307e-15
109367 7.10565e-14 2.21929e-15
141893 6.68611e-14 1.97079e-15
184091 4.77784e-14 1.42523e-15
238838 3.21401e-14 1.09676e-15
309868 1.79876e-14 6.75634e-16
402020 7.54692e-15 4.20679e-16
521579 3.43109e-15 2.09148e-16
676694 1.59063e-15 1.32013e-16
877938 7.34557e-16 1.00028e-16
