3.368030000000000257e+01 1.878000000000000061e-06 6.682520000000000205e-09
4.245060000000000144e+01 9.545469999999999513e-07 2.038539999999999869e-09
5.350469999999999970e+01 4.820320000000000378e-07 1.589499999999999939e-09
6.743739999999999668e+01 2.547280000000000030e-07 8.282819999999999735e-10
8.499809999999999377e+01 1.314469999999999991e-07 5.768069999999999707e-10
1.071320000000000050e+02 9.267800000000000442e-08 2.869470000000000018e-10
1.350289999999999964e+02 6.809940000000000164e-08 2.431929999999999893e-10
1.701899999999999977e+02 3.719030000000000050e-08 1.050200000000000029e-10
2.145080000000000098e+02 2.115190000000000096e-08 8.618100000000000204e-11
2.703650000000000091e+02 1.163400000000000015e-08 3.682849999999999721e-11
3.407690000000000055e+02 6.529390000000000342e-09 2.591140000000000125e-11
4.295049999999999955e+02 3.971560000000000294e-09 1.439079999999999963e-11
5.413479999999999563e+02 2.393579999999999917e-09 1.028019999999999976e-11
6.823150000000000546e+02 1.492950000000000102e-09 6.660800000000000052e-12
8.599900000000000091e+02 8.695230000000000382e-10 4.319269999999999628e-12
1.083930000000000064e+03 4.643700000000000208e-10 2.943129999999999799e-12
1.366190000000000055e+03 2.503769999999999927e-10 1.649509999999999905e-12
1.721940000000000055e+03 1.307269999999999974e-10 1.230600000000000027e-12
2.170340000000000146e+03 7.897730000000000034e-11 6.718049999999999834e-13
2.735489999999999782e+03 4.994559999999999915e-11 5.795509999999999607e-13
3.447809999999999945e+03 3.135400000000000231e-11 2.923489999999999895e-13
4.345619999999999891e+03 1.980460000000000146e-11 2.670760000000000224e-13
5.477229999999999563e+03 1.214889999999999966e-11 1.314360000000000066e-13
6.903500000000000000e+03 7.494330000000000036e-12 1.222370000000000021e-13
8.701170000000000073e+03 4.562470000000000046e-12 6.335969999999999810e-14
1.096700000000000000e+04 2.773040000000000067e-12 5.392360000000000082e-14
1.382270000000000073e+04 1.584580000000000100e-12 2.703199999999999907e-14
1.742220000000000073e+04 9.198439999999999325e-13 2.353479999999999896e-14
2.195890000000000146e+04 5.184809999999999997e-13 1.153860000000000018e-14
2.767700000000000000e+04 2.938760000000000193e-13 9.328990000000000154e-15
3.488409999999999854e+04 1.646510000000000070e-13 5.637510000000000368e-15
4.396800000000000000e+04 9.083009999999999735e-14 3.455959999999999856e-15
5.541719999999999709e+04 5.097520000000000048e-14 2.955199999999999978e-15
6.984789999999999418e+04 2.594719999999999848e-14 1.436230000000000068e-15
8.803630000000000291e+04 1.371270000000000054e-14 1.223570000000000080e-15
1.109610000000000000e+05 6.333380000000000373e-15 6.107649999999999760e-16
1.398550000000000000e+05 2.816400000000000169e-15 3.978809999999999862e-16
1.762730000000000000e+05 1.261430000000000068e-15 2.697140000000000179e-16
2.221750000000000000e+05 5.666459999999999784e-16 1.391049999999999944e-16
2.800290000000000000e+05 2.549509999999999987e-16 9.468830000000000175e-17
3.529490000000000000e+05 1.146720000000000074e-16 6.305979999999999474e-17
4.448570000000000000e+05 5.158090000000000261e-17 3.838089999999999890e-17
5.606980000000000000e+05 2.320140000000000044e-17 2.190940000000000146e-17
7.067040000000000000e+05 1.043609999999999950e-17 1.197469999999999992e-17
8.907290000000000000e+05 4.694250000000000271e-18 6.347219999999999881e-18
1.000000000000000000e+06 3.148320027580174898e-18 0.000000000000000000e+00
2.000000000000000000e+06 2.876528331161590179e-19 0.000000000000000000e+00
3.000000000000000000e+06 7.095281801244067758e-20 0.000000000000000000e+00
