3.368030000000000257e+01 3.309949999999999963e-06 3.469710000000000005e-09
4.245060000000000144e+01 1.976659999999999808e-06 1.236759999999999977e-09
5.350469999999999970e+01 1.215519999999999968e-06 9.942770000000000811e-10
6.743739999999999668e+01 6.145439999999999474e-07 5.211790000000000466e-10
8.499809999999999377e+01 2.615199999999999754e-07 3.479639999999999887e-10
1.071320000000000050e+02 1.533399999999999953e-07 1.714770000000000118e-10
1.350289999999999964e+02 8.724700000000000033e-08 1.482770000000000040e-10
1.701899999999999977e+02 5.465639999999999833e-08 7.578089999999999832e-11
2.145080000000000098e+02 3.391929999999999722e-08 6.923399999999999842e-11
2.703650000000000091e+02 1.998779999999999916e-08 3.080680000000000238e-11
3.407690000000000055e+02 1.186040000000000011e-08 2.267890000000000104e-11
4.295049999999999955e+02 6.926329999999999593e-09 1.315720000000000052e-11
5.413479999999999563e+02 4.016699999999999995e-09 9.322209999999999311e-12
6.823150000000000546e+02 2.242949999999999994e-09 6.253459999999999892e-12
8.599900000000000091e+02 1.312009999999999898e-09 4.104099999999999850e-12
1.083930000000000064e+03 8.290749999999999520e-10 3.125650000000000116e-12
1.366190000000000055e+03 4.611169999999999804e-10 1.802840000000000020e-12
1.721940000000000055e+03 2.354340000000000164e-10 1.320179999999999934e-12
2.170340000000000146e+03 1.290419999999999924e-10 7.033820000000000214e-13
2.735489999999999782e+03 7.243999999999999748e-11 6.176829999999999642e-13
3.447809999999999945e+03 3.824910000000000107e-11 3.036330000000000048e-13
4.345619999999999891e+03 1.945809999999999844e-11 2.572510000000000112e-13
5.477229999999999563e+03 1.274439999999999970e-11 1.332370000000000057e-13
6.903500000000000000e+03 8.080299999999999810e-12 1.260669999999999969e-13
8.701170000000000073e+03 4.972019999999999649e-12 6.440049999999999403e-14
1.096700000000000000e+04 3.072889999999999844e-12 5.512349999999999731e-14
1.382270000000000073e+04 1.883299999999999861e-12 2.820239999999999931e-14
1.742220000000000073e+04 1.134269999999999972e-12 2.476949999999999987e-14
2.195890000000000146e+04 7.728039999999999855e-13 1.312050000000000011e-14
2.767700000000000000e+04 5.212880000000000503e-13 1.075120000000000005e-14
3.488409999999999854e+04 3.419960000000000202e-13 7.350120000000000403e-15
4.396800000000000000e+04 2.185980000000000042e-13 4.291849999999999719e-15
5.541719999999999709e+04 1.320969999999999974e-13 3.702389999999999800e-15
6.984789999999999418e+04 1.171539999999999974e-13 2.210560000000000169e-15
8.803630000000000291e+04 9.455569999999999462e-14 1.929959999999999909e-15
1.109610000000000000e+05 9.147919999999999758e-14 1.678639999999999998e-15
1.398550000000000000e+05 9.194790000000000143e-14 1.234449999999999973e-15
1.762730000000000000e+05 1.007549999999999958e-13 1.418169999999999929e-15
2.221750000000000000e+05 6.521529999999999930e-14 8.884500000000000696e-16
2.800290000000000000e+05 3.579489999999999952e-14 4.613659999999999716e-16
3.529490000000000000e+05 2.027219999999999994e-14 2.999849999999999826e-16
4.448570000000000000e+05 1.141220000000000033e-14 2.117050000000000056e-16
5.606980000000000000e+05 6.431849999999999782e-15 1.496839999999999933e-16
7.067040000000000000e+05 3.624160000000000104e-15 1.032330000000000053e-16
8.907290000000000000e+05 2.042190000000000157e-15 6.935850000000000576e-17
1.000000000000000000e+06 1.532990905783306459e-15 0.000000000000000000e+00
2.000000000000000000e+06 2.750620295133389931e-16 0.000000000000000000e+00
3.000000000000000000e+06 1.006896646393417811e-16 0.000000000000000000e+00
