3.368030000000000257e+01 4.468630000000000277e-06 4.615210000000000237e-09
4.245060000000000144e+01 2.482400000000000153e-06 1.532899999999999949e-09
5.350469999999999970e+01 1.409129999999999966e-06 1.205439999999999924e-09
6.743739999999999668e+01 6.900180000000000315e-07 6.152390000000000299e-10
8.499809999999999377e+01 2.910989999999999784e-07 4.091060000000000139e-10
1.071320000000000050e+02 1.771999999999999985e-07 2.021000000000000052e-10
1.350289999999999964e+02 1.042469999999999937e-07 1.738739999999999985e-10
1.701899999999999977e+02 6.916649999999999933e-08 8.930009999999999751e-11
2.145080000000000098e+02 4.586870000000000229e-08 8.412569999999999726e-11
2.703650000000000091e+02 2.420830000000000045e-08 3.411870000000000001e-11
3.407690000000000055e+02 1.381630000000000077e-08 2.425640000000000153e-11
4.295049999999999955e+02 9.705949999999999968e-09 1.489249999999999859e-11
5.413479999999999563e+02 6.514420000000000341e-09 1.172230000000000065e-11
6.823150000000000546e+02 4.341520000000000120e-09 8.175720000000000629e-12
8.599900000000000091e+02 2.796590000000000162e-09 5.794899999999999875e-12
1.083930000000000064e+03 1.786369999999999902e-09 4.360819999999999992e-12
1.366190000000000055e+03 9.167340000000000316e-10 2.402469999999999960e-12
1.721940000000000055e+03 3.961550000000000139e-10 1.626540000000000055e-12
2.170340000000000146e+03 1.997280000000000004e-10 8.447460000000000237e-13
2.735489999999999782e+03 1.035609999999999979e-10 7.381239999999999757e-13
3.447809999999999945e+03 5.456510000000000062e-11 3.676460000000000169e-13
4.345619999999999891e+03 2.644610000000000058e-11 2.998729999999999785e-13
5.477229999999999563e+03 2.221929999999999843e-11 1.764729999999999943e-13
6.903500000000000000e+03 1.771350000000000040e-11 1.881179999999999917e-13
8.701170000000000073e+03 1.196180000000000018e-11 9.583419999999999518e-14
1.096700000000000000e+04 8.322740000000000138e-12 8.810440000000000120e-14
1.382270000000000073e+04 5.866929999999999922e-12 4.802789999999999773e-14
1.742220000000000073e+04 4.045450000000000296e-12 4.578719999999999901e-14
2.195890000000000146e+04 3.154459999999999869e-12 2.710719999999999997e-14
2.767700000000000000e+04 2.503890000000000148e-12 2.491750000000000149e-14
3.488409999999999854e+04 1.644619999999999913e-12 1.724650000000000128e-14
4.396800000000000000e+04 8.537039999999999740e-13 9.484469999999999281e-15
5.541719999999999709e+04 4.615070000000000044e-13 7.711819999999999950e-15
6.984789999999999418e+04 2.551650000000000038e-13 3.714749999999999867e-15
8.803630000000000291e+04 1.387799999999999903e-13 3.073859999999999820e-15
1.109610000000000000e+05 8.202399999999999966e-14 1.713840000000000057e-15
1.398550000000000000e+05 4.996899999999999766e-14 9.982440000000000941e-16
1.762730000000000000e+05 2.940910000000000214e-14 7.787690000000000136e-16
2.221750000000000000e+05 2.089930000000000100e-14 5.303960000000000303e-16
2.800290000000000000e+05 1.573960000000000040e-14 3.296480000000000073e-16
3.529490000000000000e+05 1.173350000000000025e-14 2.287930000000000182e-16
4.448570000000000000e+05 8.762659999999999489e-15 1.897249999999999916e-16
5.606980000000000000e+05 6.541970000000000081e-15 1.736230000000000013e-16
7.067040000000000000e+05 4.884330000000000227e-15 1.610309999999999931e-16
8.907290000000000000e+05 3.646669999999999754e-15 1.466179999999999944e-16
1.000000000000000000e+06 3.150951431663846284e-15 0.000000000000000000e+00
2.000000000000000000e+06 1.313227693582855228e-15 0.000000000000000000e+00
3.000000000000000000e+06 7.870363759960262583e-16 0.000000000000000000e+00
