34.171 2.76137e-06 2.84455e-09
44.3332 1.53056e-06 1.00144e-09
57.5177 8.57158e-07 7.10846e-10
74.6231 4.37494e-07 3.90461e-10
96.8155 2.06642e-07 2.45137e-10
125.608 1.09442e-07 1.38979e-10
162.963 5.9747e-08 9.71576e-11
211.427 3.04705e-08 5.34471e-11
274.305 1.56667e-08 3.67546e-11
355.881 8.69472e-09 2.17961e-11
461.718 4.9203e-09 1.56363e-11
599.03 2.63475e-09 9.0045e-12
777.179 1.40944e-09 6.38335e-12
1008.31 7.46952e-10 3.67529e-12
1308.17 3.9918e-10 2.67674e-12
1697.21 1.94065e-10 1.4389e-12
2201.96 9.40683e-11 1.00571e-12
2856.81 4.84484e-11 5.55331e-13
3706.4 2.57197e-11 3.71574e-13
4808.67 1.5804e-11 2.31305e-13
6238.74 1.20547e-11 1.62098e-13
8094.1 1.00664e-11 1.33313e-13
10501.2 6.77956e-12 8.7171e-14
13624.2 4.33118e-12 5.67276e-14
17676 2.48979e-12 3.78706e-14
22932.8 1.31595e-12 2.09304e-14
29752.8 7.67246e-13 1.4681e-14
38601.2 4.63113e-13 9.29356e-15
50080.9 2.61714e-13 6.31448e-15
64974.7 1.47519e-13 3.70085e-15
84297.8 9.10868e-14 2.62083e-15
109367 6.61853e-14 1.94109e-15
141893 5.53314e-14 1.67802e-15
184091 3.59045e-14 1.12824e-15
238838 2.13903e-14 8.20011e-16
309868 1.07775e-14 4.51753e-16
402020 4.29793e-15 2.56936e-16
521579 2.09836e-15 1.31461e-16
676694 1.16581e-15 8.17509e-17
877938 6.3215e-16 7.20307e-17
