3.368030000000000257e+01 7.359079999999999852e-06 4.667520000000000029e-09
4.245060000000000144e+01 3.746410000000000101e-06 1.426979999999999967e-09
5.350469999999999970e+01 1.942760000000000014e-06 1.160149999999999969e-09
6.743739999999999668e+01 8.845830000000000271e-07 5.679080000000000411e-10
8.499809999999999377e+01 3.507410000000000038e-07 3.728539999999999927e-10
1.071320000000000050e+02 2.040080000000000094e-07 1.794080000000000126e-10
1.350289999999999964e+02 1.168030000000000037e-07 1.534729999999999879e-10
1.701899999999999977e+02 6.647539999999999980e-08 7.529029999999999797e-11
2.145080000000000098e+02 3.773959999999999735e-08 6.496099999999999674e-11
2.703650000000000091e+02 2.258999999999999913e-08 3.188640000000000194e-11
3.407690000000000055e+02 1.339460000000000005e-08 2.430400000000000145e-11
4.295049999999999955e+02 7.968059999999999883e-09 1.425350000000000020e-11
5.413479999999999563e+02 4.767440000000000238e-09 1.033369999999999988e-11
6.823150000000000546e+02 2.940860000000000120e-09 7.092610000000000007e-12
8.599900000000000091e+02 1.711390000000000022e-09 4.646029999999999743e-12
1.083930000000000064e+03 9.205009999999999835e-10 3.227950000000000195e-12
1.366190000000000055e+03 5.142289999999999827e-10 1.849120000000000102e-12
1.721940000000000055e+03 2.891749999999999863e-10 1.424040000000000059e-12
2.170340000000000146e+03 1.684229999999999984e-10 7.690790000000000190e-13
2.735489999999999782e+03 9.931519999999999428e-11 6.555690000000000312e-13
3.447809999999999945e+03 5.845529999999999872e-11 3.293839999999999928e-13
4.345619999999999891e+03 3.393850000000000124e-11 2.960109999999999895e-13
5.477229999999999563e+03 2.157379999999999921e-11 1.508370000000000014e-13
6.903500000000000000e+03 1.363300000000000058e-11 1.436219999999999912e-13
8.701170000000000073e+03 8.107619999999999334e-12 7.304760000000000471e-14
1.096700000000000000e+04 4.876049999999999605e-12 6.158720000000000489e-14
1.382270000000000073e+04 2.922300000000000180e-12 3.138909999999999723e-14
1.742220000000000073e+04 1.750040000000000084e-12 2.771520000000000039e-14
2.195890000000000146e+04 1.057770000000000046e-12 1.372070000000000067e-14
2.767700000000000000e+04 6.323640000000000306e-13 1.085359999999999950e-14
3.488409999999999854e+04 4.030740000000000049e-13 7.256230000000000765e-15
4.396800000000000000e+04 2.772160000000000175e-13 4.527900000000000073e-15
5.541719999999999709e+04 1.901589999999999978e-13 4.420759999999999677e-15
6.984789999999999418e+04 1.218200000000000050e-13 2.153970000000000170e-15
8.803630000000000291e+04 7.705909999999999978e-14 1.820499999999999901e-15
1.109610000000000000e+05 5.701790000000000537e-14 1.241899999999999926e-15
1.398550000000000000e+05 4.401459999999999857e-14 8.088740000000000364e-16
1.762730000000000000e+05 3.558409999999999854e-14 7.990310000000000064e-16
2.221750000000000000e+05 2.068830000000000132e-14 4.549440000000000222e-16
2.800290000000000000e+05 1.087929999999999990e-14 2.320620000000000029e-16
3.529490000000000000e+05 5.833509999999999609e-15 1.465940000000000013e-16
4.448570000000000000e+05 3.116079999999999942e-15 9.918229999999999648e-17
5.606980000000000000e+05 1.665750000000000098e-15 6.662560000000000084e-17
7.067040000000000000e+05 8.903230000000000904e-16 4.354010000000000146e-17
8.907290000000000000e+05 4.758799999999999546e-16 2.770110000000000123e-17
1.000000000000000000e+06 3.479135447295917147e-16 0.000000000000000000e+00
2.000000000000000000e+06 5.329155709285710546e-17 0.000000000000000000e+00
3.000000000000000000e+06 1.778375237237223887e-17 0.000000000000000000e+00
