3.368030000000000257e+01 2.243140000000000007e-06 3.437810000000000146e-09
4.245060000000000144e+01 1.033529999999999912e-06 9.539380000000001029e-10
5.350469999999999970e+01 4.696000000000000228e-07 7.256359999999999538e-10
6.743739999999999668e+01 2.359370000000000036e-07 3.711309999999999977e-10
8.499809999999999377e+01 1.190780000000000026e-07 2.745619999999999975e-10
1.071320000000000050e+02 8.512019999999999481e-08 1.412390000000000124e-10
1.350289999999999964e+02 6.214209999999999368e-08 1.243919999999999878e-10
1.701899999999999977e+02 3.836870000000000131e-08 5.839269999999999937e-11
2.145080000000000098e+02 2.431550000000000025e-08 5.185430000000000130e-11
2.703650000000000091e+02 1.418160000000000074e-08 2.272079999999999988e-11
3.407690000000000055e+02 8.402080000000000417e-09 1.663850000000000024e-11
4.295049999999999955e+02 4.989550000000000001e-09 9.497880000000000319e-12
5.413479999999999563e+02 2.917510000000000196e-09 6.720569999999999908e-12
6.823150000000000546e+02 1.632019999999999913e-09 4.379069999999999838e-12
8.599900000000000091e+02 9.274360000000000221e-10 2.800929999999999860e-12
1.083930000000000064e+03 5.348769999999999925e-10 2.025169999999999942e-12
1.366190000000000055e+03 2.982410000000000044e-10 1.157550000000000051e-12
1.721940000000000055e+03 1.606010000000000020e-10 8.576359999999999819e-13
2.170340000000000146e+03 9.432439999999999741e-11 4.625270000000000344e-13
2.735489999999999782e+03 5.664920000000000301e-11 3.935739999999999949e-13
3.447809999999999945e+03 3.454620000000000319e-11 1.980330000000000055e-13
4.345619999999999891e+03 2.097350000000000065e-11 1.794870000000000106e-13
5.477229999999999563e+03 1.317339999999999959e-11 8.948890000000000151e-14
6.903500000000000000e+03 8.274250000000000210e-12 8.411769999999999659e-14
8.701170000000000073e+03 4.980690000000000257e-12 4.293710000000000265e-14
1.096700000000000000e+04 3.015849999999999918e-12 3.634170000000000281e-14
1.382270000000000073e+04 1.762780000000000088e-12 1.846759999999999898e-14
1.742220000000000073e+04 1.045700000000000078e-12 1.635209999999999843e-14
2.195890000000000146e+04 5.868279999999999911e-13 7.947909999999999414e-15
2.767700000000000000e+04 3.315080000000000249e-13 6.374630000000000008e-15
3.488409999999999854e+04 1.877570000000000097e-13 3.882279999999999652e-15
4.396800000000000000e+04 1.063550000000000047e-13 2.395030000000000187e-15
5.541719999999999709e+04 6.184689999999999923e-14 2.110939999999999943e-15
6.984789999999999418e+04 3.007349999999999929e-14 9.882579999999999749e-16
8.803630000000000291e+04 1.513240000000000111e-14 8.052170000000000442e-16
1.109610000000000000e+05 7.590140000000000702e-15 4.107479999999999841e-16
1.398550000000000000e+05 3.809560000000000317e-15 2.631360000000000025e-16
1.762730000000000000e+05 1.934100000000000011e-15 1.965689999999999900e-16
2.221750000000000000e+05 9.047469999999999082e-16 1.008550000000000014e-16
2.800290000000000000e+05 4.135050000000000011e-16 6.406739999999999853e-17
3.529490000000000000e+05 1.898859999999999956e-16 4.251839999999999710e-17
4.448570000000000000e+05 8.711340000000000363e-17 2.625320000000000141e-17
5.606980000000000000e+05 3.997259999999999945e-17 1.527670000000000130e-17
7.067040000000000000e+05 1.834100000000000125e-17 8.521210000000000282e-18
8.907290000000000000e+05 8.415629999999999338e-18 4.610940000000000365e-18
1.000000000000000000e+06 5.700555038011743370e-18 0.000000000000000000e+00
2.000000000000000000e+06 5.528042695738517621e-19 0.000000000000000000e+00
3.000000000000000000e+06 1.411894095540444161e-19 0.000000000000000000e+00
