3.368030000000000257e+01 2.081559999999999854e-06 3.932870000000000296e-09
4.245060000000000144e+01 1.110069999999999987e-06 1.257319999999999955e-09
5.350469999999999970e+01 5.954450000000000224e-07 1.010109999999999937e-09
6.743739999999999668e+01 3.068250000000000227e-07 5.353709999999999910e-10
8.499809999999999377e+01 1.486029999999999973e-07 3.938309999999999814e-10
1.071320000000000050e+02 9.039120000000000277e-08 1.903600000000000023e-10
1.350289999999999964e+02 5.442339999999999882e-08 1.633470000000000099e-10
1.701899999999999977e+02 3.325049999999999721e-08 7.941800000000000430e-11
2.145080000000000098e+02 2.029209999999999944e-08 7.019689999999999465e-11
2.703650000000000091e+02 1.221559999999999988e-08 3.008939999999999900e-11
3.407690000000000055e+02 7.378400000000000081e-09 2.179640000000000111e-11
4.295049999999999955e+02 4.506479999999999931e-09 1.230799999999999966e-11
5.413479999999999563e+02 2.688879999999999921e-09 8.804510000000000417e-12
6.823150000000000546e+02 1.514869999999999960e-09 5.737439999999999835e-12
8.599900000000000091e+02 8.516879999999999648e-10 3.654930000000000058e-12
1.083930000000000064e+03 4.719900000000000420e-10 2.647959999999999957e-12
1.366190000000000055e+03 2.536570000000000061e-10 1.486640000000000015e-12
1.721940000000000055e+03 1.301790000000000010e-10 1.100880000000000051e-12
2.170340000000000146e+03 7.686530000000000287e-11 5.982840000000000385e-13
2.735489999999999782e+03 4.790790000000000188e-11 5.292530000000000068e-13
3.447809999999999945e+03 2.757049999999999930e-11 2.607310000000000126e-13
4.345619999999999891e+03 1.561939999999999946e-11 2.293139999999999961e-13
5.477229999999999563e+03 9.895409999999999333e-12 1.158229999999999953e-13
6.903500000000000000e+03 6.166210000000000238e-12 1.083359999999999965e-13
8.701170000000000073e+03 3.866799999999999639e-12 5.601399999999999866e-14
1.096700000000000000e+04 2.412100000000000193e-12 4.825959999999999714e-14
1.382270000000000073e+04 1.432669999999999993e-12 2.413370000000000007e-14
1.742220000000000073e+04 8.400970000000000099e-13 2.074339999999999861e-14
2.195890000000000146e+04 5.680689999999999496e-13 1.084160000000000010e-14
2.767700000000000000e+04 3.756349999999999943e-13 8.611549999999999288e-15
3.488409999999999854e+04 2.573999999999999937e-13 6.104279999999999865e-15
4.396800000000000000e+04 1.832710000000000074e-13 3.680419999999999958e-15
5.541719999999999709e+04 1.304750000000000070e-13 3.606459999999999836e-15
6.984789999999999418e+04 8.917539999999999987e-14 1.811740000000000129e-15
8.803630000000000291e+04 5.964679999999999884e-14 1.546090000000000043e-15
1.109610000000000000e+05 4.767859999999999815e-14 1.133029999999999993e-15
1.398550000000000000e+05 3.989929999999999893e-14 7.755070000000000012e-16
1.762730000000000000e+05 3.563800000000000047e-14 8.243650000000000351e-16
2.221750000000000000e+05 2.050969999999999956e-14 4.648509999999999680e-16
2.800290000000000000e+05 1.032440000000000029e-14 2.289629999999999795e-16
3.529490000000000000e+05 5.335219999999999947e-15 1.405710000000000018e-16
4.448570000000000000e+05 2.742790000000000142e-15 9.182640000000000005e-17
5.606980000000000000e+05 1.411489999999999986e-15 5.941289999999999607e-17
7.067040000000000000e+05 7.262280000000000341e-16 3.736340000000000258e-17
8.907290000000000000e+05 3.736679999999999811e-16 2.287139999999999988e-17
1.000000000000000000e+06 2.680348450484861564e-16 0.000000000000000000e+00
2.000000000000000000e+06 3.663100260275911207e-17 0.000000000000000000e+00
3.000000000000000000e+06 1.143512414506773096e-17 0.000000000000000000e+00
