34.171 1.40319e-06 4.27819e-09
44.3332 8.3962e-07 1.59595e-09
57.5177 5.07706e-07 1.02845e-09
74.6231 2.82263e-07 5.82351e-10
96.8155 1.48435e-07 3.31633e-10
125.608 8.3497e-08 1.93021e-10
162.963 4.54737e-08 1.23937e-10
211.427 2.29367e-08 6.72644e-11
274.305 1.15324e-08 4.59735e-11
355.881 6.0844e-09 2.61591e-11
461.718 3.25996e-09 1.84221e-11
599.03 1.70701e-09 1.05039e-11
777.179 8.39605e-10 7.11719e-12
1008.31 4.16613e-10 3.78597e-12
1308.17 2.40173e-10 2.78435e-12
1697.21 1.30922e-10 1.61415e-12
2201.96 6.5332e-11 1.01431e-12
2856.81 3.75459e-11 6.00442e-13
3706.4 2.52302e-11 4.25494e-13
4808.67 1.58226e-11 2.71167e-13
6238.74 9.59557e-12 1.76793e-13
8094.1 6.44374e-12 1.21622e-13
10501.2 3.71992e-12 7.84496e-14
13624.2 2.1405e-12 4.69159e-14
17676 1.25912e-12 3.27664e-14
22932.8 6.586e-13 1.8164e-14
29752.8 3.5427e-13 1.24314e-14
38601.2 1.96957e-13 7.46772e-15
50080.9 9.9444e-14 5.08723e-15
64974.7 4.75416e-14 2.69824e-15
84297.8 2.41911e-14 2.00581e-15
109367 1.11183e-14 1.0654e-15
141893 4.66526e-15 7.22539e-16
184091 2.07848e-15 3.67313e-16
238838 9.35642e-16 2.55171e-16
309868 4.84883e-16 1.42974e-16
402020 2.87428e-16 1.09195e-16
521579 1.50321e-16 6.04961e-17
676694 7.23124e-17 3.58412e-17
877938 3.53497e-17 2.86194e-17
