3.368030000000000257e+01 4.465669999999999885e-06 3.398149999999999892e-09
4.245060000000000144e+01 2.301860000000000099e-06 1.050110000000000006e-09
5.350469999999999970e+01 1.198430000000000018e-06 8.201860000000000047e-10
6.743739999999999668e+01 5.818569999999999672e-07 4.135050000000000108e-10
8.499809999999999377e+01 2.573629999999999998e-07 2.837590000000000021e-10
1.071320000000000050e+02 1.562119999999999962e-07 1.380290000000000049e-10
1.350289999999999964e+02 9.483840000000000040e-08 1.207069999999999896e-10
1.701899999999999977e+02 5.326029999999999815e-08 5.770129999999999931e-11
2.145080000000000098e+02 3.013499999999999820e-08 4.927560000000000301e-11
2.703650000000000091e+02 1.786390000000000156e-08 2.280709999999999962e-11
3.407690000000000055e+02 1.049650000000000072e-08 1.687349999999999994e-11
4.295049999999999955e+02 6.175679999999999916e-09 9.665449999999999372e-12
5.413479999999999563e+02 3.636959999999999815e-09 6.890570000000000193e-12
6.823150000000000546e+02 2.172039999999999874e-09 4.666889999999999716e-12
8.599900000000000091e+02 1.235339999999999996e-09 3.006139999999999952e-12
1.083930000000000064e+03 6.545999999999999936e-10 2.101709999999999937e-12
1.366190000000000055e+03 3.613410000000000243e-10 1.198099999999999913e-12
1.721940000000000055e+03 2.009019999999999903e-10 9.287169999999999897e-13
2.170340000000000146e+03 1.175510000000000059e-10 5.034290000000000352e-13
2.735489999999999782e+03 7.058770000000000224e-11 4.356980000000000081e-13
3.447809999999999945e+03 4.020740000000000092e-11 2.150800000000000034e-13
4.345619999999999891e+03 2.259909999999999889e-11 1.898830000000000099e-13
5.477229999999999563e+03 1.392169999999999954e-11 9.558179999999999920e-14
6.903500000000000000e+03 8.475289999999999523e-12 8.879850000000000275e-14
8.701170000000000073e+03 5.102290000000000062e-12 4.578239999999999862e-14
1.096700000000000000e+04 3.075990000000000104e-12 3.871560000000000141e-14
1.382270000000000073e+04 1.833679999999999917e-12 1.970219999999999896e-14
1.742220000000000073e+04 1.097170000000000060e-12 1.741929999999999967e-14
2.195890000000000146e+04 6.493099999999999868e-13 8.581460000000000410e-15
2.767700000000000000e+04 3.845419999999999886e-13 6.876610000000000328e-15
3.488409999999999854e+04 2.287119999999999851e-13 4.342550000000000325e-15
4.396800000000000000e+04 1.366960000000000014e-13 2.617949999999999872e-15
5.541719999999999709e+04 8.190849999999999374e-14 2.324170000000000057e-15
6.984789999999999418e+04 4.797410000000000305e-14 1.122659999999999984e-15
8.803630000000000291e+04 2.792430000000000136e-14 9.510190000000000022e-16
1.109610000000000000e+05 1.740559999999999868e-14 5.563420000000000184e-16
1.398550000000000000e+05 1.107880000000000008e-14 3.309329999999999878e-16
1.762730000000000000e+05 7.065490000000000352e-15 2.762779999999999901e-16
2.221750000000000000e+05 4.342139999999999989e-15 1.641740000000000079e-16
2.800290000000000000e+05 2.637789999999999816e-15 8.812339999999999441e-17
3.529490000000000000e+05 1.605889999999999950e-15 5.646570000000000608e-17
4.448570000000000000e+05 9.772710000000000194e-16 4.135009999999999693e-17
5.606980000000000000e+05 5.947679999999999648e-16 3.134800000000000299e-17
7.067040000000000000e+05 3.619710000000000101e-16 2.345650000000000149e-17
8.907290000000000000e+05 2.202930000000000033e-16 1.714100000000000147e-17
1.000000000000000000e+06 1.718554572663581851e-16 0.000000000000000000e+00
2.000000000000000000e+06 3.883331005859386033e-17 0.000000000000000000e+00
3.000000000000000000e+06 1.626831851070029667e-17 0.000000000000000000e+00
