34.171 7.99468e-07 3.50179e-09
44.3332 5.64585e-07 1.51411e-09
57.5177 4.07863e-07 8.89941e-10
74.6231 2.4523e-07 5.22642e-10
96.8155 1.27621e-07 2.91659e-10
125.608 7.39092e-08 1.74066e-10
162.963 4.2473e-08 1.1598e-10
211.427 2.34649e-08 6.73025e-11
274.305 1.30516e-08 4.61016e-11
355.881 7.1045e-09 2.68188e-11
461.718 3.78264e-09 1.86022e-11
599.03 1.92657e-09 1.02085e-11
777.179 9.76443e-10 6.85486e-12
1008.31 5.95625e-10 4.36647e-12
1308.17 3.73113e-10 3.08139e-12
1697.21 1.79579e-10 1.61924e-12
2201.96 8.37703e-11 1.09748e-12
2856.81 4.4198e-11 6.22207e-13
3706.4 2.60262e-11 4.6572e-13
4808.67 1.45327e-11 2.70282e-13
6238.74 8.73684e-12 1.81039e-13
8094.1 6.29777e-12 1.34105e-13
10501.2 3.73583e-12 8.86015e-14
13624.2 2.12126e-12 5.30145e-14
17676 1.1361e-12 3.61502e-14
22932.8 5.70251e-13 1.92892e-14
29752.8 3.32402e-13 1.41413e-14
38601.2 1.82353e-13 8.46507e-15
50080.9 8.11326e-14 5.28891e-15
64974.7 3.92503e-14 2.79168e-15
84297.8 2.27229e-14 2.20753e-15
109367 1.10856e-14 1.22472e-15
141893 4.55476e-15 7.88452e-16
184091 2.00073e-15 4.00351e-16
238838 1.12334e-15 3.60322e-16
309868 3.71562e-16 1.65311e-16
402020 6.20337e-17 5.87048e-17
521579 4.0897e-17 3.8752e-17
676694 8.8762e-17 4.1505e-17
877938 1.64578e-16 1.08253e-16
