3.368030000000000257e+01 5.244479999999999803e-06 4.319710000000000172e-09
4.245060000000000144e+01 2.993620000000000147e-06 1.475280000000000100e-09
5.350469999999999970e+01 1.761459999999999945e-06 1.228810000000000020e-09
6.743739999999999668e+01 8.432260000000000095e-07 6.202530000000000294e-10
8.499809999999999377e+01 3.318069999999999747e-07 3.929380000000000239e-10
1.071320000000000050e+02 2.035190000000000107e-07 1.944160000000000036e-10
1.350289999999999964e+02 1.206710000000000090e-07 1.673379999999999964e-10
1.701899999999999977e+02 7.843829999999999372e-08 8.622139999999999448e-11
2.145080000000000098e+02 5.099409999999999868e-08 8.101119999999999473e-11
2.703650000000000091e+02 2.746109999999999898e-08 3.583740000000000076e-11
3.407690000000000055e+02 1.562469999999999961e-08 2.618379999999999997e-11
4.295049999999999955e+02 9.808959999999999181e-09 1.543860000000000007e-11
5.413479999999999563e+02 6.275909999999999683e-09 1.175350000000000076e-11
6.823150000000000546e+02 4.622689999999999885e-09 8.635069999999999475e-12
8.599900000000000091e+02 2.954370000000000004e-09 6.089680000000000362e-12
1.083930000000000064e+03 1.624230000000000087e-09 4.195390000000000362e-12
1.366190000000000055e+03 8.504680000000000455e-10 2.298769999999999907e-12
1.721940000000000055e+03 4.158750000000000244e-10 1.640530000000000079e-12
2.170340000000000146e+03 2.179029999999999919e-10 8.363860000000000472e-13
2.735489999999999782e+03 1.141959999999999953e-10 6.861610000000000486e-13
3.447809999999999945e+03 6.577650000000000028e-11 3.450910000000000186e-13
4.345619999999999891e+03 3.554829999999999707e-11 2.947939999999999857e-13
5.477229999999999563e+03 2.883410000000000050e-11 1.697650000000000092e-13
6.903500000000000000e+03 2.259860000000000107e-11 1.806020000000000013e-13
8.701170000000000073e+03 1.512809999999999892e-11 9.307000000000000126e-14
1.096700000000000000e+04 1.035480000000000027e-11 8.515939999999999456e-14
1.382270000000000073e+04 6.533489999999999861e-12 4.391110000000000310e-14
1.742220000000000073e+04 4.056199999999999619e-12 3.922239999999999931e-14
2.195890000000000146e+04 3.063389999999999935e-12 2.274909999999999883e-14
2.767700000000000000e+04 2.309390000000000119e-12 2.034000000000000156e-14
3.488409999999999854e+04 1.540130000000000022e-12 1.425360000000000111e-14
4.396800000000000000e+04 8.741279999999999887e-13 8.204449999999999437e-15
5.541719999999999709e+04 5.241479999999999997e-13 7.301740000000000197e-15
6.984789999999999418e+04 2.647139999999999765e-13 3.347399999999999922e-15
8.803630000000000291e+04 1.360569999999999876e-13 2.692129999999999828e-15
1.109610000000000000e+05 7.729249999999999604e-14 1.455479999999999937e-15
1.398550000000000000e+05 4.561389999999999913e-14 8.580359999999999663e-16
1.762730000000000000e+05 2.607849999999999965e-14 6.645320000000000074e-16
2.221750000000000000e+05 1.754550000000000082e-14 4.285909999999999961e-16
2.800290000000000000e+05 1.240130000000000057e-14 2.490200000000000015e-16
3.529490000000000000e+05 8.688170000000000127e-15 1.610330000000000028e-16
4.448570000000000000e+05 6.096440000000000116e-15 1.245920000000000039e-16
5.606980000000000000e+05 4.276619999999999666e-15 1.069659999999999961e-16
7.067040000000000000e+05 3.000180000000000169e-15 9.331149999999999533e-17
8.907290000000000000e+05 2.104700000000000062e-15 7.994739999999999724e-17
1.000000000000000000e+06 1.762832520428441038e-15 0.000000000000000000e+00
2.000000000000000000e+06 6.096725315008330592e-16 0.000000000000000000e+00
3.000000000000000000e+06 3.276136446880835078e-16 0.000000000000000000e+00
