34.171 3.67978e-06 4.60933e-09
44.3332 1.63577e-06 1.34616e-09
57.5177 7.20821e-07 9.22043e-10
74.6231 3.47166e-07 4.77278e-10
96.8155 1.80984e-07 3.11446e-10
125.608 1.03626e-07 1.85242e-10
162.963 6.11235e-08 1.22212e-10
211.427 3.05215e-08 6.53683e-11
274.305 1.46531e-08 4.27175e-11
355.881 7.45743e-09 2.37637e-11
461.718 3.75276e-09 1.65664e-11
599.03 1.94602e-09 9.61124e-12
777.179 9.26927e-10 6.8306e-12
1008.31 3.68464e-10 3.18325e-12
1308.17 1.6808e-10 2.42054e-12
1697.21 7.70672e-11 1.20841e-12
2201.96 4.00653e-11 8.21942e-13
2856.81 2.98876e-11 6.2008e-13
3706.4 2.1997e-11 4.00824e-13
4808.67 1.54899e-11 2.73933e-13
6238.74 1.09951e-11 1.76216e-13
8094.1 7.99571e-12 1.26486e-13
10501.2 5.26998e-12 8.3866e-14
13624.2 3.199e-12 5.24095e-14
17676 1.75881e-12 3.45827e-14
22932.8 9.06407e-13 1.88928e-14
29752.8 5.05081e-13 1.33533e-14
38601.2 2.7962e-13 7.88628e-15
50080.9 1.48456e-13 5.35817e-15
64974.7 8.1161e-14 3.08397e-15
84297.8 5.31118e-14 2.41409e-15
109367 3.17072e-14 1.57159e-15
141893 1.27933e-14 9.01092e-16
184091 5.6802e-15 4.31508e-16
238838 3.21214e-15 3.1712e-16
309868 1.88281e-15 1.93458e-16
402020 1.24057e-15 1.41817e-16
521579 7.36093e-16 8.58281e-17
676694 3.90741e-16 4.83355e-17
877938 2.11754e-16 4.2418e-17
