3.368030000000000257e+01 7.475990000000000228e-06 2.044519999999999884e-09
4.245060000000000144e+01 4.079130000000000025e-06 6.687920000000000414e-10
5.350469999999999970e+01 2.299760000000000153e-06 5.656870000000000133e-10
6.743739999999999668e+01 1.033869999999999979e-06 2.784589999999999790e-10
8.499809999999999377e+01 3.725649999999999748e-07 1.719280000000000033e-10
1.071320000000000050e+02 2.319779999999999878e-07 8.717369999999999800e-11
1.350289999999999964e+02 1.423879999999999910e-07 7.852170000000000296e-11
1.701899999999999977e+02 8.213070000000000632e-08 3.859830000000000205e-11
2.145080000000000098e+02 4.785409999999999835e-08 3.397260000000000167e-11
2.703650000000000091e+02 2.687289999999999971e-08 1.570900000000000102e-11
3.407690000000000055e+02 1.523800000000000053e-08 1.148119999999999999e-11
4.295049999999999955e+02 8.734509999999999444e-09 6.675740000000000391e-12
5.413479999999999563e+02 5.063809999999999701e-09 4.728780000000000375e-12
6.823150000000000546e+02 3.094609999999999925e-09 3.324320000000000117e-12
8.599900000000000091e+02 1.760140000000000086e-09 2.154090000000000165e-12
1.083930000000000064e+03 9.149679999999999779e-10 1.510360000000000039e-12
1.366190000000000055e+03 4.925089999999999792e-10 8.504359999999999722e-13
1.721940000000000055e+03 2.652720000000000224e-10 6.601660000000000165e-13
2.170340000000000146e+03 1.497300000000000092e-10 3.523139999999999768e-13
2.735489999999999782e+03 8.653630000000000236e-11 3.042740000000000119e-13
3.447809999999999945e+03 4.744290000000000013e-11 1.487679999999999877e-13
4.345619999999999891e+03 2.546320000000000080e-11 1.286169999999999961e-13
5.477229999999999563e+03 1.579960000000000146e-11 6.543149999999999993e-14
6.903500000000000000e+03 9.598189999999999919e-12 6.078920000000000415e-14
8.701170000000000073e+03 5.850699999999999698e-12 3.137680000000000293e-14
1.096700000000000000e+04 3.559860000000000141e-12 2.665679999999999881e-14
1.382270000000000073e+04 2.144519999999999833e-12 1.354509999999999995e-14
1.742220000000000073e+04 1.275929999999999997e-12 1.182549999999999938e-14
2.195890000000000146e+04 8.334370000000000160e-13 6.108620000000000247e-15
2.767700000000000000e+04 5.355859999999999556e-13 4.916799999999999747e-15
3.488409999999999854e+04 3.558350000000000181e-13 3.402819999999999943e-15
4.396800000000000000e+04 2.461649999999999916e-13 2.075880000000000118e-15
5.541719999999999709e+04 1.671020000000000083e-13 1.979769999999999825e-15
6.984789999999999418e+04 1.221890000000000108e-13 1.037100000000000030e-15
8.803630000000000291e+04 8.530720000000000379e-14 8.874639999999999980e-16
1.109610000000000000e+05 7.317330000000000437e-14 6.918410000000000336e-16
1.398550000000000000e+05 6.621359999999999819e-14 4.811049999999999557e-16
1.762730000000000000e+05 6.398819999999999638e-14 5.193440000000000432e-16
2.221750000000000000e+05 3.991590000000000160e-14 3.129890000000000161e-16
2.800290000000000000e+05 2.173639999999999877e-14 1.563459999999999968e-16
3.529490000000000000e+05 1.214799999999999939e-14 9.677079999999999663e-17
4.448570000000000000e+05 6.755320000000000284e-15 6.641059999999999389e-17
5.606980000000000000e+05 3.760159999999999948e-15 4.625190000000000270e-17
7.067040000000000000e+05 2.092600000000000122e-15 3.155789999999999753e-17
8.907290000000000000e+05 1.164610000000000005e-15 2.099600000000000137e-17
1.000000000000000000e+06 8.688137450844790425e-16 0.000000000000000000e+00
2.000000000000000000e+06 1.501968425410730849e-16 0.000000000000000000e+00
3.000000000000000000e+06 5.379771718769074249e-17 0.000000000000000000e+00
