3.368030000000000257e+01 1.067689999999999937e-05 5.422090000000000247e-09
4.245060000000000144e+01 5.723580000000000010e-06 1.744689999999999897e-09
5.350469999999999970e+01 3.148129999999999960e-06 1.486390000000000075e-09
6.743739999999999668e+01 1.448659999999999950e-06 7.329279999999999531e-10
8.499809999999999377e+01 5.553310000000000114e-07 4.628670000000000002e-10
1.071320000000000050e+02 3.432540000000000110e-07 2.272030000000000011e-10
1.350289999999999964e+02 2.054050000000000053e-07 1.934920000000000128e-10
1.701899999999999977e+02 1.328960000000000010e-07 9.765349999999999784e-11
2.145080000000000098e+02 8.582670000000000183e-08 9.011970000000000262e-11
2.703650000000000091e+02 4.865770000000000166e-08 4.173529999999999726e-11
3.407690000000000055e+02 2.846090000000000043e-08 3.132880000000000197e-11
4.295049999999999955e+02 1.693389999999999919e-08 1.830119999999999880e-11
5.413479999999999563e+02 1.068340000000000056e-08 1.387789999999999926e-11
6.823150000000000546e+02 8.393099999999999896e-09 1.098150000000000041e-11
8.599900000000000091e+02 5.424659999999999753e-09 7.898400000000000353e-12
1.083930000000000064e+03 2.843120000000000001e-09 5.397009999999999841e-12
1.366190000000000055e+03 1.461630000000000049e-09 2.946030000000000120e-12
1.721940000000000055e+03 7.029649999999999605e-10 2.132489999999999933e-12
2.170340000000000146e+03 3.810989999999999989e-10 1.113520000000000086e-12
2.735489999999999782e+03 2.091360000000000055e-10 9.401750000000000808e-13
3.447809999999999945e+03 1.294789999999999930e-10 4.891439999999999603e-13
4.345619999999999891e+03 7.654730000000000201e-11 4.401929999999999803e-13
5.477229999999999563e+03 6.074880000000000223e-11 2.524119999999999750e-13
6.903500000000000000e+03 4.726860000000000157e-11 2.714989999999999824e-13
8.701170000000000073e+03 3.150010000000000065e-11 1.408850000000000101e-13
1.096700000000000000e+04 2.150009999999999964e-11 1.292870000000000074e-13
1.382270000000000073e+04 1.372949999999999961e-11 6.714140000000000510e-14
1.742220000000000073e+04 8.895370000000000698e-12 6.238609999999999506e-14
2.195890000000000146e+04 5.664910000000000345e-12 3.204010000000000249e-14
2.767700000000000000e+04 3.624069999999999925e-12 2.650550000000000126e-14
3.488409999999999854e+04 2.283509999999999829e-12 1.762919999999999861e-14
4.396800000000000000e+04 1.404800000000000032e-12 1.070119999999999963e-14
5.541719999999999709e+04 8.950399999999999909e-13 1.002710000000000076e-14
6.984789999999999418e+04 4.654590000000000465e-13 4.514589999999999863e-15
8.803630000000000291e+04 2.479879999999999930e-13 3.642479999999999976e-15
1.109610000000000000e+05 1.446039999999999965e-13 2.015759999999999844e-15
1.398550000000000000e+05 8.713249999999999501e-14 1.201200000000000073e-15
1.762730000000000000e+05 5.183409999999999872e-14 9.634309999999999759e-16
2.221750000000000000e+05 3.225049999999999975e-14 5.794849999999999884e-16
2.800290000000000000e+05 2.032879999999999853e-14 3.200460000000000240e-16
3.529490000000000000e+05 1.278319999999999993e-14 2.091259999999999887e-16
4.448570000000000000e+05 8.041960000000000223e-15 1.572169999999999917e-16
5.606980000000000000e+05 5.058800000000000082e-15 1.230360000000000038e-16
7.067040000000000000e+05 3.182289999999999888e-15 9.523640000000000270e-17
8.907290000000000000e+05 2.001849999999999978e-15 7.202510000000000358e-17
1.000000000000000000e+06 1.587729987292889370e-15 0.000000000000000000e+00
2.000000000000000000e+06 3.961336021728228800e-16 0.000000000000000000e+00
3.000000000000000000e+06 1.758520108226006546e-16 0.000000000000000000e+00
