34.171 2.39843e-06 3.76872e-09
44.3332 1.20604e-06 1.21195e-09
57.5177 6.03979e-07 8.08584e-10
74.6231 3.09482e-07 4.37722e-10
96.8155 1.62878e-07 2.76571e-10
125.608 9.49478e-08 1.66665e-10
162.963 5.78306e-08 1.12461e-10
211.427 3.13595e-08 6.41331e-11
274.305 1.64116e-08 4.24408e-11
355.881 8.75782e-09 2.44157e-11
461.718 4.57287e-09 1.70763e-11
599.03 2.27059e-09 9.39098e-12
777.179 1.08282e-09 6.5169e-12
1008.31 5.28932e-10 3.47291e-12
1308.17 2.91525e-10 2.59295e-12
1697.21 1.52881e-10 1.49186e-12
2201.96 7.26704e-11 9.96766e-13
2856.81 3.74156e-11 5.38781e-13
3706.4 2.35149e-11 3.85111e-13
4808.67 1.59127e-11 2.63095e-13
6238.74 1.06539e-11 1.69671e-13
8094.1 7.87507e-12 1.24982e-13
10501.2 5.27043e-12 8.45873e-14
13624.2 3.17797e-12 5.26251e-14
17676 1.74483e-12 3.49634e-14
22932.8 9.03771e-13 1.92583e-14
29752.8 4.85893e-13 1.32804e-14
38601.2 2.53964e-13 7.52577e-15
50080.9 1.2302e-13 4.9727e-15
64974.7 6.3124e-14 2.75359e-15
84297.8 3.60055e-14 2.06793e-15
109367 1.86713e-14 1.16349e-15
141893 9.16744e-15 7.75893e-16
184091 5.26657e-15 4.71523e-16
238838 3.35791e-15 3.60989e-16
309868 1.90726e-15 2.14658e-16
402020 1.00853e-15 1.35323e-16
521579 6.18711e-16 8.37196e-17
676694 4.25338e-16 5.28156e-17
877938 2.86626e-16 5.6974e-17
