34.171 7.46563e-06 4.01987e-09
44.3332 3.56881e-06 1.24454e-09
57.5177 1.72666e-06 8.68319e-10
74.6231 7.66937e-07 4.29515e-10
96.8155 3.12503e-07 2.55478e-10
125.608 1.5695e-07 1.39025e-10
162.963 8.75541e-08 1.02113e-10
211.427 4.57102e-08 5.79011e-11
274.305 2.44324e-08 4.22005e-11
355.881 1.33056e-08 2.47847e-11
461.718 7.34499e-09 1.79651e-11
599.03 4.09776e-09 1.0728e-11
777.179 2.32764e-09 7.8294e-12
1008.31 1.22359e-09 4.48777e-12
1308.17 5.94332e-10 3.036e-12
1697.21 2.96964e-10 1.64253e-12
2201.96 1.62308e-10 1.19204e-12
2856.81 8.89864e-11 6.92755e-13
3706.4 5.03844e-11 4.79575e-13
4808.67 3.12608e-11 3.06535e-13
6238.74 2.01566e-11 2.11972e-13
8094.1 1.37654e-11 1.47702e-13
10501.2 8.50429e-12 9.95476e-14
13624.2 5.06857e-12 6.17882e-14
17676 2.81432e-12 4.16875e-14
22932.8 1.45526e-12 2.25539e-14
29752.8 8.77759e-13 1.60805e-14
38601.2 5.74264e-13 1.09256e-14
50080.9 3.43758e-13 7.51008e-15
64974.7 2.02697e-13 4.55622e-15
84297.8 1.38545e-13 3.43209e-15
109367 9.8394e-14 2.50816e-15
141893 6.10795e-14 1.76002e-15
184091 3.54976e-14 1.06832e-15
238838 2.29309e-14 8.35825e-16
309868 1.19863e-14 4.78346e-16
402020 5.10701e-15 2.92578e-16
521579 2.3939e-15 1.46667e-16
676694 1.15415e-15 8.81745e-17
877938 5.53391e-16 6.91003e-17
