34.171 7.01064e-06 3.94105e-09
44.3332 3.54505e-06 1.29155e-09
57.5177 1.82082e-06 9.60364e-10
74.6231 8.25209e-07 4.81069e-10
96.8155 3.291e-07 2.72913e-10
125.608 1.78104e-07 1.55352e-10
162.963 1.17338e-07 1.17229e-10
211.427 6.4166e-08 6.81599e-11
274.305 3.30386e-08 4.59315e-11
355.881 1.78701e-08 2.66566e-11
461.718 9.46761e-09 1.83577e-11
599.03 5.64817e-09 1.15462e-11
777.179 3.776e-09 9.24744e-12
1008.31 1.9524e-09 5.23233e-12
1308.17 9.3383e-10 3.59728e-12
1697.21 4.57876e-10 1.95357e-12
2201.96 2.11863e-10 1.29676e-12
2856.81 1.11068e-10 7.23649e-13
3706.4 6.5484e-11 5.20095e-13
4808.67 4.20675e-11 3.41568e-13
6238.74 3.06276e-11 2.52684e-13
8094.1 2.27383e-11 1.89976e-13
10501.2 1.38561e-11 1.2514e-13
13624.2 8.27439e-12 7.70336e-14
17676 4.78387e-12 5.14731e-14
22932.8 2.89682e-12 3.19413e-14
29752.8 2.14021e-12 2.52281e-14
38601.2 1.42784e-12 1.74892e-14
50080.9 7.90922e-13 1.17663e-14
64974.7 3.94645e-13 6.35085e-15
84297.8 1.90028e-13 4.2018e-15
109367 1.00494e-13 2.38657e-15
141893 5.73668e-14 1.75378e-15
184091 3.35436e-14 1.08224e-15
238838 2.03258e-14 7.92695e-16
309868 1.2509e-14 5.05744e-16
402020 7.72125e-15 3.50773e-16
521579 4.66294e-15 2.13157e-16
676694 2.7834e-15 1.20272e-16
877938 1.66497e-15 1.15474e-16
