56.2289 7.30895e-07 1.30583e-09
71.1114 4.24266e-07 4.7121e-10
89.9329 2.44466e-07 2.79758e-10
113.736 1.41763e-07 1.64058e-10
143.839 8.21758e-08 1.00672e-10
181.91 4.87323e-08 6.11292e-11
230.058 2.98962e-08 4.2208e-11
290.949 1.72277e-08 2.5629e-11
367.956 9.4382e-09 1.77896e-11
465.346 5.07763e-09 1.04103e-11
588.512 2.67238e-09 7.59147e-12
744.277 1.36168e-09 4.29333e-12
941.27 6.55161e-10 3.0057e-12
1190.4 3.57951e-10 1.75506e-12
1505.47 2.19657e-10 1.33387e-12
1903.94 1.29329e-10 8.22123e-13
2407.87 7.46693e-11 5.57991e-13
3045.17 4.77307e-11 3.66569e-13
3851.16 3.02226e-11 2.50417e-13
4870.47 2.06202e-11 1.73058e-13
6159.57 1.4236e-11 1.23309e-13
7789.86 9.4042e-12 8.29352e-14
9851.66 6.01972e-12 5.87246e-14
12459.2 3.71736e-12 3.77277e-14
15756.8 2.21144e-12 2.69308e-14
19927.3 1.26828e-12 1.63845e-14
25201.6 6.9493e-13 1.14254e-14
31871.8 3.92037e-13 6.80312e-15
40307.6 2.41409e-13 5.08872e-15
50976 1.52356e-13 3.35563e-15
64468.2 9.94611e-14 2.57062e-15
81531.5 6.33069e-14 1.71297e-15
103111 3.98623e-14 1.29936e-15
130402 2.41898e-14 8.3516e-16
164916 1.41232e-14 6.15216e-16
208566 8.27701e-15 3.80584e-16
263768 4.75459e-15 2.66526e-16
333582 2.97763e-15 1.69153e-16
421873 2.02425e-15 1.08582e-16
533533 1.35632e-15 1.16762e-16
