34.171 8.36957e-06 2.1955e-09
44.3332 4.19479e-06 7.14505e-10
57.5177 2.14746e-06 5.35248e-10
74.6231 9.63478e-07 2.72426e-10
96.8155 3.69133e-07 1.60665e-10
125.608 1.90151e-07 8.9063e-11
162.963 1.18288e-07 6.99194e-11
211.427 6.39085e-08 4.07798e-11
274.305 3.32203e-08 2.85643e-11
355.881 1.82349e-08 1.68708e-11
461.718 1.01863e-08 1.22957e-11
599.03 5.60289e-09 7.28081e-12
777.179 3.14774e-09 5.39751e-12
1008.31 1.58745e-09 3.0032e-12
1308.17 7.59975e-10 2.0726e-12
1697.21 3.7623e-10 1.15102e-12
2201.96 1.72598e-10 7.88622e-13
2856.81 8.46376e-11 4.20019e-13
3706.4 4.49282e-11 2.94995e-13
4808.67 2.63251e-11 1.77484e-13
6238.74 1.88674e-11 1.27568e-13
8094.1 1.47217e-11 9.99638e-14
10501.2 9.46436e-12 6.62415e-14
13624.2 5.76292e-12 4.15777e-14
17676 3.27718e-12 2.81326e-14
22932.8 1.7785e-12 1.59312e-14
29752.8 1.07099e-12 1.12823e-14
38601.2 6.99307e-13 7.63621e-15
50080.9 4.18102e-13 5.19904e-15
64974.7 2.58466e-13 3.26685e-15
84297.8 1.90559e-13 2.45069e-15
109367 1.57922e-13 2.02225e-15
141893 1.40954e-13 1.70907e-15
184091 1.00632e-13 1.23229e-15
238838 6.61722e-14 9.13151e-16
309868 3.73113e-14 5.48757e-16
402020 1.73221e-14 3.38954e-16
521579 8.11692e-15 1.6849e-16
676694 3.66158e-15 9.32278e-17
877938 1.66413e-15 6.91958e-17
