3.368030000000000257e+01 3.339249999999999835e-06 6.308099999999999754e-09
4.245060000000000144e+01 1.466639999999999903e-06 1.675060000000000004e-09
5.350469999999999970e+01 6.385130000000000478e-07 1.318789999999999951e-09
6.743739999999999668e+01 2.965950000000000165e-07 6.510990000000000488e-10
8.499809999999999377e+01 1.319049999999999890e-07 4.650680000000000116e-10
1.071320000000000050e+02 9.830130000000000423e-08 2.437239999999999951e-10
1.350289999999999964e+02 7.608039999999999879e-08 2.150579999999999878e-10
1.701899999999999977e+02 4.374430000000000082e-08 9.443840000000000602e-11
2.145080000000000098e+02 2.626869999999999884e-08 7.976889999999999789e-11
2.703650000000000091e+02 1.431579999999999972e-08 3.391099999999999798e-11
3.407690000000000055e+02 8.009050000000000172e-09 2.386270000000000009e-11
4.295049999999999955e+02 4.657860000000000291e-09 1.327739999999999995e-11
5.413479999999999563e+02 2.723450000000000144e-09 9.326570000000000719e-12
6.823150000000000546e+02 1.676669999999999960e-09 6.200260000000000078e-12
8.599900000000000091e+02 9.625019999999999504e-10 4.004660000000000023e-12
1.083930000000000064e+03 5.083589999999999813e-10 2.779729999999999910e-12
1.366190000000000055e+03 2.710370000000000020e-10 1.558829999999999932e-12
1.721940000000000055e+03 1.389940000000000114e-10 1.173599999999999967e-12
2.170340000000000146e+03 8.615879999999999513e-11 6.533669999999999563e-13
2.735489999999999782e+03 5.729350000000000099e-11 5.830070000000000421e-13
3.447809999999999945e+03 3.549439999999999868e-11 2.919680000000000237e-13
4.345619999999999891e+03 2.203109999999999889e-11 2.641530000000000054e-13
5.477229999999999563e+03 1.367050000000000077e-11 1.307790000000000024e-13
6.903500000000000000e+03 8.498999999999999227e-12 1.221160000000000019e-13
8.701170000000000073e+03 5.195159999999999847e-12 6.328530000000000147e-14
1.096700000000000000e+04 3.169379999999999971e-12 5.398000000000000072e-14
1.382270000000000073e+04 1.791409999999999937e-12 2.696919999999999970e-14
1.742220000000000073e+04 1.030879999999999945e-12 2.336740000000000022e-14
2.195890000000000146e+04 5.780220000000000386e-13 1.146050000000000074e-14
2.767700000000000000e+04 3.259920000000000007e-13 9.275469999999999237e-15
3.488409999999999854e+04 1.809320000000000110e-13 5.567730000000000248e-15
4.396800000000000000e+04 9.838170000000000275e-14 3.420039999999999856e-15
5.541719999999999709e+04 5.436089999999999710e-14 2.891180000000000173e-15
6.984789999999999418e+04 2.762459999999999848e-14 1.394709999999999938e-15
8.803630000000000291e+04 1.444749999999999978e-14 1.172139999999999952e-15
1.109610000000000000e+05 6.897970000000000343e-15 5.845539999999999727e-16
1.398550000000000000e+05 3.206869999999999984e-15 3.711269999999999759e-16
1.762730000000000000e+05 1.510039999999999980e-15 2.610240000000000187e-16
2.221750000000000000e+05 6.733590000000000422e-16 1.339540000000000069e-16
2.800290000000000000e+05 2.958799999999999879e-16 8.944980000000000300e-17
3.529490000000000000e+05 1.304079999999999982e-16 5.844110000000000560e-17
4.448570000000000000e+05 5.744079999999999406e-17 3.483939999999999968e-17
5.606980000000000000e+05 2.530420000000000129e-17 1.947819999999999855e-17
7.067040000000000000e+05 1.114690000000000037e-17 1.042580000000000041e-17
8.907290000000000000e+05 4.910389999999999954e-18 5.411880000000000203e-18
1.000000000000000000e+06 3.259084030320063764e-18 0.000000000000000000e+00
2.000000000000000000e+06 2.797252107416940719e-19 0.000000000000000000e+00
3.000000000000000000e+06 6.651945582353057744e-20 0.000000000000000000e+00
