3.368030000000000257e+01 1.037029999999999963e-05 5.075549999999999911e-09
4.245060000000000144e+01 4.998539999999999918e-06 1.476570000000000000e-09
5.350469999999999970e+01 2.509059999999999996e-06 1.297769999999999955e-09
6.743739999999999668e+01 9.379410000000000209e-07 6.058730000000000232e-10
8.499809999999999377e+01 2.595440000000000112e-07 3.347669999999999980e-10
1.071320000000000050e+02 1.740239999999999971e-07 1.773850000000000032e-10
1.350289999999999964e+02 1.172399999999999963e-07 1.687890000000000103e-10
1.701899999999999977e+02 5.992689999999999910e-08 7.655420000000000433e-11
2.145080000000000098e+02 3.172560000000000054e-08 6.250280000000000465e-11
2.703650000000000091e+02 1.734479999999999991e-08 2.851270000000000148e-11
3.407690000000000055e+02 9.523430000000000065e-09 2.025520000000000118e-11
4.295049999999999955e+02 5.532809999999999633e-09 1.158330000000000053e-11
5.413479999999999563e+02 3.267419999999999869e-09 8.263619999999999881e-12
6.823150000000000546e+02 2.139259999999999910e-09 5.812150000000000028e-12
8.599900000000000091e+02 1.242609999999999910e-09 3.821160000000000249e-12
1.083930000000000064e+03 6.256550000000000486e-10 2.615200000000000004e-12
1.366190000000000055e+03 3.275409999999999963e-10 1.458870000000000023e-12
1.721940000000000055e+03 1.668259999999999986e-10 1.121620000000000021e-12
2.170340000000000146e+03 1.016890000000000042e-10 6.223240000000000047e-13
2.735489999999999782e+03 6.638940000000000547e-11 5.614959999999999937e-13
3.447809999999999945e+03 4.017809999999999901e-11 2.804229999999999957e-13
4.345619999999999891e+03 2.430730000000000004e-11 2.533899999999999937e-13
5.477229999999999563e+03 1.491309999999999953e-11 1.257750000000000119e-13
6.903500000000000000e+03 9.122290000000000301e-12 1.166479999999999943e-13
8.701170000000000073e+03 5.629649999999999948e-12 6.072409999999999921e-14
1.096700000000000000e+04 3.456719999999999835e-12 5.199729999999999948e-14
1.382270000000000073e+04 2.024069999999999876e-12 2.607709999999999927e-14
1.742220000000000073e+04 1.191290000000000066e-12 2.272080000000000112e-14
2.195890000000000146e+04 7.178619999999999758e-13 1.127009999999999986e-14
2.767700000000000000e+04 4.265429999999999830e-13 8.923660000000000331e-15
3.488409999999999854e+04 2.727159999999999862e-13 5.976149999999999891e-15
4.396800000000000000e+04 1.907939999999999997e-13 3.711749999999999621e-15
5.541719999999999709e+04 1.307059999999999936e-13 3.583800000000000371e-15
6.984789999999999418e+04 9.251879999999999499e-14 1.849349999999999966e-15
8.803630000000000291e+04 6.440509999999999887e-14 1.622519999999999985e-15
1.109610000000000000e+05 4.803360000000000017e-14 1.113020000000000088e-15
1.398550000000000000e+05 3.625979999999999964e-14 7.077769999999999834e-16
1.762730000000000000e+05 2.883540000000000151e-14 6.868510000000000255e-16
2.221750000000000000e+05 1.637790000000000133e-14 3.813980000000000100e-16
2.800290000000000000e+05 8.404640000000000034e-15 1.881219999999999979e-16
3.529490000000000000e+05 4.399349999999999986e-15 1.149520000000000089e-16
4.448570000000000000e+05 2.293849999999999990e-15 7.564519999999999558e-17
5.606980000000000000e+05 1.196940000000000079e-15 4.957299999999999961e-17
7.067040000000000000e+05 6.244780000000000077e-16 3.163429999999999814e-17
8.907290000000000000e+05 3.258169999999999851e-16 1.965740000000000142e-17
1.000000000000000000e+06 2.353428197850514559e-16 0.000000000000000000e+00
2.000000000000000000e+06 3.353202848654727682e-17 0.000000000000000000e+00
3.000000000000000000e+06 1.072606689041742364e-17 0.000000000000000000e+00
