34.171 6.15627e-06 2.13048e-09
44.3332 3.35208e-06 7.42451e-10
57.5177 1.86467e-06 5.53138e-10
74.6231 9.11401e-07 2.96225e-10
96.8155 3.84873e-07 1.75463e-10
125.608 2.02689e-07 9.88508e-11
162.963 1.1947e-07 7.32253e-11
211.427 6.43273e-08 4.23155e-11
274.305 3.45651e-08 2.99611e-11
355.881 1.91105e-08 1.77643e-11
461.718 1.05673e-08 1.2713e-11
599.03 5.77715e-09 7.47575e-12
777.179 3.22605e-09 5.50177e-12
1008.31 1.61783e-09 3.04594e-12
1308.17 7.69985e-10 2.09466e-12
1697.21 3.80694e-10 1.16119e-12
2201.96 1.75279e-10 7.96948e-13
2856.81 8.5914e-11 4.24503e-13
3706.4 4.54572e-11 2.97987e-13
4808.67 2.65711e-11 1.78946e-13
6238.74 1.89944e-11 1.28627e-13
8094.1 1.48101e-11 1.00787e-13
10501.2 9.53418e-12 6.70396e-14
13624.2 5.8072e-12 4.21037e-14
17676 3.30146e-12 2.84827e-14
22932.8 1.79094e-12 1.61188e-14
29752.8 1.07768e-12 1.13912e-14
38601.2 7.03464e-13 7.70599e-15
50080.9 4.20649e-13 5.24435e-15
64974.7 2.60007e-13 3.29503e-15
84297.8 1.91649e-13 2.47308e-15
109367 1.58737e-13 2.04e-15
141893 1.41549e-13 1.72417e-15
184091 1.00981e-13 1.24139e-15
238838 6.63477e-14 9.14447e-16
309868 3.74155e-14 5.49174e-16
402020 1.73887e-14 3.39143e-16
521579 8.15617e-15 1.68584e-16
676694 3.68349e-15 9.29664e-17
877938 1.67594e-15 6.90625e-17
