34.171 7.44986e-06 3.73667e-09
44.3332 3.32294e-06 1.09449e-09
57.5177 1.50199e-06 7.67235e-10
74.6231 6.08431e-07 3.63165e-10
96.8155 2.20273e-07 2.16565e-10
125.608 1.09087e-07 1.16796e-10
162.963 6.58908e-08 9.25687e-11
211.427 3.47813e-08 5.33767e-11
274.305 1.77483e-08 3.79797e-11
355.881 9.46242e-09 2.1964e-11
461.718 5.21623e-09 1.61901e-11
599.03 2.84663e-09 9.56489e-12
777.179 1.53633e-09 6.92151e-12
1008.31 7.95413e-10 3.9359e-12
1308.17 3.96463e-10 2.77473e-12
1697.21 1.86795e-10 1.43176e-12
2201.96 9.59929e-11 1.01769e-12
2856.81 5.47004e-11 6.13114e-13
3706.4 3.1071e-11 4.14395e-13
4808.67 1.82776e-11 2.49513e-13
6238.74 1.18209e-11 1.67994e-13
8094.1 8.32641e-12 1.19507e-13
10501.2 5.35071e-12 7.98387e-14
13624.2 3.29041e-12 5.05393e-14
17676 1.8783e-12 3.38866e-14
22932.8 1.04496e-12 1.96532e-14
29752.8 6.38086e-13 1.41262e-14
38601.2 3.94914e-13 9.13365e-15
50080.9 2.24356e-13 6.17262e-15
64974.7 1.32522e-13 3.75368e-15
84297.8 9.12288e-14 2.80163e-15
109367 6.68522e-14 2.09032e-15
141893 4.72997e-14 1.5783e-15
184091 2.91434e-14 1.00126e-15
238838 1.98279e-14 7.88166e-16
309868 1.04572e-14 4.5288e-16
402020 3.81851e-15 2.36612e-16
521579 1.7774e-15 1.15354e-16
676694 9.80767e-16 7.09147e-17
877938 5.24041e-16 6.15523e-17
