34.171 3.96488e-06 3.18371e-09
44.3332 2.14792e-06 1.09588e-09
57.5177 1.18373e-06 7.6754e-10
74.6231 5.59445e-07 3.97826e-10
96.8155 2.31187e-07 2.34346e-10
125.608 1.1915e-07 1.30428e-10
162.963 6.82197e-08 9.74968e-11
211.427 3.68963e-08 5.68358e-11
274.305 2.03365e-08 4.15379e-11
355.881 1.12238e-08 2.46396e-11
461.718 6.16387e-09 1.76499e-11
599.03 3.40032e-09 1.04742e-11
777.179 1.834e-09 7.4324e-12
1008.31 9.38002e-10 4.11041e-12
1308.17 4.92053e-10 2.89035e-12
1697.21 2.50308e-10 1.59993e-12
2201.96 1.24916e-10 1.09159e-12
2856.81 6.43002e-11 6.00396e-13
3706.4 3.47892e-11 4.09087e-13
4808.67 2.08728e-11 2.51564e-13
6238.74 1.43248e-11 1.75453e-13
8094.1 1.05009e-11 1.2941e-13
10501.2 6.7862e-12 8.63571e-14
13624.2 4.2289e-12 5.55877e-14
17676 2.32087e-12 3.66595e-14
22932.8 1.23421e-12 2.03831e-14
29752.8 7.61666e-13 1.4887e-14
38601.2 4.62516e-13 9.5124e-15
50080.9 2.49302e-13 6.31403e-15
64974.7 1.40187e-13 3.71204e-15
84297.8 8.64112e-14 2.6777e-15
109367 5.88511e-14 1.86482e-15
141893 4.76322e-14 1.57658e-15
184091 3.19381e-14 1.09281e-15
238838 1.89881e-14 7.785e-16
309868 9.59492e-15 4.27894e-16
402020 3.84551e-15 2.41424e-16
521579 1.92943e-15 1.25877e-16
676694 1.14067e-15 7.92153e-17
877938 6.54191e-16 7.35857e-17
