34.171 2.79705e-06 2.89524e-09
44.3332 1.70556e-06 1.10857e-09
57.5177 1.05888e-06 7.90547e-10
74.6231 5.71351e-07 4.49384e-10
96.8155 2.71688e-07 2.6807e-10
125.608 1.48648e-07 1.54521e-10
162.963 8.51546e-08 1.07105e-10
211.427 4.52143e-08 6.03134e-11
274.305 2.41549e-08 4.08313e-11
355.881 1.37271e-08 2.45685e-11
461.718 7.85265e-09 1.73691e-11
599.03 4.21691e-09 1.00093e-11
777.179 2.24613e-09 7.05934e-12
1008.31 1.16265e-09 4.00455e-12
1308.17 5.91814e-10 2.86925e-12
1697.21 2.82401e-10 1.52337e-12
2201.96 1.38653e-10 1.09357e-12
2856.81 6.86482e-11 5.91011e-13
3706.4 3.32638e-11 3.88373e-13
4808.67 1.98002e-11 2.36145e-13
6238.74 1.53992e-11 1.73819e-13
8094.1 1.27e-11 1.42418e-13
10501.2 8.24938e-12 9.31025e-14
13624.2 5.13534e-12 5.95612e-14
17676 2.87983e-12 3.97038e-14
22932.8 1.51688e-12 2.18949e-14
29752.8 9.00466e-13 1.55685e-14
38601.2 5.49935e-13 9.93621e-15
50080.9 3.1067e-13 6.6349e-15
64974.7 1.85724e-13 4.06786e-15
84297.8 1.28565e-13 2.98483e-15
109367 1.03735e-13 2.41217e-15
141893 9.73452e-14 2.16591e-15
184091 6.91183e-14 1.56077e-15
238838 4.35619e-14 1.13128e-15
309868 2.42944e-14 6.71693e-16
402020 1.13417e-14 4.12057e-16
521579 5.64235e-15 2.14784e-16
676694 2.83475e-15 1.24419e-16
877938 1.42146e-15 1.01554e-16
