3.368030000000000257e+01 1.552940000000000034e-06 4.464010000000000180e-09
4.245060000000000144e+01 8.093810000000000397e-07 1.392529999999999947e-09
5.350469999999999970e+01 4.192169999999999878e-07 1.032339999999999973e-09
6.743739999999999668e+01 2.267220000000000101e-07 5.520129999999999631e-10
8.499809999999999377e+01 1.210210000000000088e-07 4.051019999999999934e-10
1.071320000000000050e+02 8.207260000000000132e-08 2.044680000000000016e-10
1.350289999999999964e+02 5.607240000000000253e-08 1.803590000000000024e-10
1.701899999999999977e+02 3.543590000000000168e-08 8.648380000000000435e-11
2.145080000000000098e+02 2.264249999999999910e-08 7.728430000000000422e-11
2.703650000000000091e+02 1.413760000000000048e-08 3.356449999999999819e-11
3.407690000000000055e+02 8.772190000000000083e-09 2.466359999999999923e-11
4.295049999999999955e+02 5.135709999999999836e-09 1.398519999999999982e-11
5.413479999999999563e+02 2.958409999999999920e-09 9.810769999999999806e-12
6.823150000000000546e+02 1.541950000000000036e-09 6.262650000000000179e-12
8.599900000000000091e+02 9.019780000000000052e-10 4.077780000000000018e-12
1.083930000000000064e+03 6.250819999999999927e-10 3.179229999999999975e-12
1.366190000000000055e+03 3.526209999999999758e-10 1.843340000000000100e-12
1.721940000000000055e+03 1.738379999999999998e-10 1.289270000000000019e-12
2.170340000000000146e+03 9.801750000000000558e-11 6.922430000000000019e-13
2.735489999999999782e+03 5.724850000000000269e-11 6.122069999999999580e-13
3.447809999999999945e+03 3.231300000000000257e-11 3.052900000000000047e-13
4.345619999999999891e+03 1.787499999999999967e-11 2.698320000000000159e-13
5.477229999999999563e+03 1.135920000000000031e-11 1.363690000000000069e-13
6.903500000000000000e+03 7.127259999999999662e-12 1.282169999999999928e-13
8.701170000000000073e+03 4.204659999999999978e-12 6.541589999999999392e-14
1.096700000000000000e+04 2.506869999999999798e-12 5.494040000000000110e-14
1.382270000000000073e+04 1.462559999999999980e-12 2.822659999999999998e-14
1.742220000000000073e+04 8.658480000000000483e-13 2.511169999999999979e-14
2.195890000000000146e+04 4.774050000000000241e-13 1.205090000000000024e-14
2.767700000000000000e+04 2.650419999999999929e-13 9.549849999999999566e-15
3.488409999999999854e+04 1.492600000000000123e-13 5.779110000000000145e-15
4.396800000000000000e+04 8.521150000000000501e-14 3.565360000000000017e-15
5.541719999999999709e+04 5.011220000000000204e-14 3.171300000000000078e-15
6.984789999999999418e+04 2.366389999999999863e-14 1.477219999999999971e-15
8.803630000000000291e+04 1.160220000000000066e-14 1.187399999999999928e-15
1.109610000000000000e+05 5.854499999999999975e-15 6.156849999999999652e-16
1.398550000000000000e+05 2.978139999999999913e-15 4.106129999999999829e-16
1.762730000000000000e+05 1.559320000000000063e-15 3.183219999999999984e-16
2.221750000000000000e+05 6.579859999999999992e-16 1.683510000000000065e-16
2.800290000000000000e+05 2.614359999999999946e-16 1.139649999999999941e-16
3.529490000000000000e+05 1.052089999999999954e-16 6.972210000000000589e-17
4.448570000000000000e+05 4.222430000000000111e-17 3.806970000000000012e-17
5.606980000000000000e+05 1.695600000000000130e-17 1.941589999999999851e-17
7.067040000000000000e+05 6.808150000000000247e-18 9.468200000000000202e-18
8.907290000000000000e+05 2.733669999999999953e-18 4.476509999999999764e-18
1.000000000000000000e+06 1.732219998467534440e-18 0.000000000000000000e+00
2.000000000000000000e+06 1.126424857736946030e-19 0.000000000000000000e+00
3.000000000000000000e+06 2.277244976238084627e-20 0.000000000000000000e+00
