3.368030000000000257e+01 3.353210000000000206e-06 6.257579999999999809e-09
4.245060000000000144e+01 1.475249999999999979e-06 1.664379999999999995e-09
5.350469999999999970e+01 6.440139999999999592e-07 1.313119999999999907e-09
6.743739999999999668e+01 2.976639999999999846e-07 6.470220000000000224e-10
8.499809999999999377e+01 1.308510000000000115e-07 4.595329999999999888e-10
1.071320000000000050e+02 9.766719999999999460e-08 2.411400000000000069e-10
1.350289999999999964e+02 7.565909999999999488e-08 2.128240000000000035e-10
1.701899999999999977e+02 4.357580000000000166e-08 9.348310000000000260e-11
2.145080000000000098e+02 2.620870000000000029e-08 7.899779999999999525e-11
2.703650000000000091e+02 1.430639999999999932e-08 3.353739999999999965e-11
3.407690000000000055e+02 8.018779999999999890e-09 2.360970000000000107e-11
4.295049999999999955e+02 4.681670000000000026e-09 1.314209999999999991e-11
5.413479999999999563e+02 2.743680000000000187e-09 9.244960000000000625e-12
6.823150000000000546e+02 1.687140000000000028e-09 6.130399999999999808e-12
8.599900000000000091e+02 9.685330000000000923e-10 3.957680000000000156e-12
1.083930000000000064e+03 5.117939999999999803e-10 2.743840000000000151e-12
1.366190000000000055e+03 2.732490000000000043e-10 1.539140000000000043e-12
1.721940000000000055e+03 1.407009999999999983e-10 1.160449999999999968e-12
2.170340000000000146e+03 8.651929999999999869e-11 6.431570000000000432e-13
2.735489999999999782e+03 5.680400000000000231e-11 5.715750000000000157e-13
3.447809999999999945e+03 3.493340000000000057e-11 2.862439999999999867e-13
4.345619999999999891e+03 2.158789999999999932e-11 2.601579999999999806e-13
5.477229999999999563e+03 1.308159999999999951e-11 1.285240000000000035e-13
6.903500000000000000e+03 7.959199999999999447e-12 1.191619999999999874e-13
8.701170000000000073e+03 4.787569999999999966e-12 6.203090000000000380e-14
1.096700000000000000e+04 2.877600000000000178e-12 5.252760000000000102e-14
1.382270000000000073e+04 1.655420000000000029e-12 2.643450000000000149e-14
1.742220000000000073e+04 9.636770000000000750e-13 2.304509999999999891e-14
2.195890000000000146e+04 5.469770000000000431e-13 1.128070000000000047e-14
2.767700000000000000e+04 3.116600000000000069e-13 9.082029999999999786e-15
3.488409999999999854e+04 1.768700000000000077e-13 5.539479999999999838e-15
4.396800000000000000e+04 9.968010000000000508e-14 3.395370000000000187e-15
5.541719999999999709e+04 5.717180000000000182e-14 2.950550000000000189e-15
6.984789999999999418e+04 2.936490000000000193e-14 1.404020000000000083e-15
8.803630000000000291e+04 1.550140000000000060e-14 1.174449999999999984e-15
1.109610000000000000e+05 7.806849999999999445e-15 5.988629999999999850e-16
1.398550000000000000e+05 3.885800000000000151e-15 3.762869999999999946e-16
1.762730000000000000e+05 1.934450000000000106e-15 2.748889999999999985e-16
2.221750000000000000e+05 9.774200000000000145e-16 1.500569999999999897e-16
2.800290000000000000e+05 4.960919999999999761e-16 1.023309999999999958e-16
3.529490000000000000e+05 2.515679999999999790e-16 7.415200000000000418e-17
4.448570000000000000e+05 1.275929999999999958e-16 5.048710000000000001e-17
5.606980000000000000e+05 6.471129999999999555e-17 3.245980000000000041e-17
7.067040000000000000e+05 3.281990000000000206e-17 2.001770000000000096e-17
8.907290000000000000e+05 1.664539999999999927e-17 1.197730000000000020e-17
1.000000000000000000e+06 1.185418207087105649e-17 0.000000000000000000e+00
2.000000000000000000e+06 1.551644017892466754e-18 0.000000000000000000e+00
3.000000000000000000e+06 4.723062554319439618e-19 0.000000000000000000e+00
