3.368030000000000257e+01 4.870740000000000058e-06 3.357929999999999798e-09
4.245060000000000144e+01 2.526830000000000081e-06 1.044269999999999952e-09
5.350469999999999970e+01 1.332469999999999967e-06 8.240070000000000063e-10
6.743739999999999668e+01 6.267229999999999667e-07 4.090719999999999808e-10
8.499809999999999377e+01 2.588500000000000183e-07 2.712089999999999782e-10
1.071320000000000050e+02 1.568740000000000057e-07 1.326609999999999930e-10
1.350289999999999964e+02 9.485549999999999861e-08 1.165279999999999930e-10
1.701899999999999977e+02 5.267820000000000117e-08 5.570629999999999741e-11
2.145080000000000098e+02 2.949220000000000120e-08 4.735650000000000082e-11
2.703650000000000091e+02 1.741420000000000052e-08 2.202170000000000097e-11
3.407690000000000055e+02 1.018039999999999930e-08 1.627579999999999978e-11
4.295049999999999955e+02 5.957709999999999685e-09 9.348909999999999591e-12
5.413479999999999563e+02 3.504730000000000159e-09 6.668010000000000382e-12
6.823150000000000546e+02 2.117519999999999942e-09 4.563799999999999597e-12
8.599900000000000091e+02 1.211800000000000096e-09 2.957660000000000142e-12
1.083930000000000064e+03 6.437550000000000171e-10 2.073359999999999962e-12
1.366190000000000055e+03 3.558790000000000074e-10 1.184020000000000038e-12
1.721940000000000055e+03 1.978690000000000019e-10 9.185839999999999964e-13
2.170340000000000146e+03 1.158770000000000048e-10 4.982689999999999845e-13
2.735489999999999782e+03 6.962569999999999563e-11 4.313100000000000070e-13
3.447809999999999945e+03 3.977760000000000127e-11 2.132229999999999892e-13
4.345619999999999891e+03 2.243350000000000129e-11 1.886109999999999877e-13
5.477229999999999563e+03 1.382759999999999977e-11 9.493059999999999841e-14
6.903500000000000000e+03 8.425800000000000711e-12 8.823610000000000608e-14
8.701170000000000073e+03 5.079730000000000207e-12 4.552850000000000134e-14
1.096700000000000000e+04 3.065819999999999956e-12 3.853529999999999964e-14
1.382270000000000073e+04 1.824840000000000129e-12 1.959689999999999940e-14
1.742220000000000073e+04 1.089879999999999997e-12 1.730260000000000154e-14
2.195890000000000146e+04 6.472049999999999670e-13 8.546400000000000192e-15
2.767700000000000000e+04 3.845380000000000019e-13 6.863470000000000276e-15
3.488409999999999854e+04 2.287669999999999783e-13 4.335989999999999682e-15
4.396800000000000000e+04 1.362679999999999905e-13 2.610299999999999837e-15
5.541719999999999709e+04 8.136400000000000550e-14 2.310690000000000082e-15
6.984789999999999418e+04 4.774519999999999809e-14 1.117949999999999953e-15
8.803630000000000291e+04 2.781189999999999898e-14 9.475009999999999320e-16
1.109610000000000000e+05 1.736619999999999887e-14 5.552199999999999777e-16
1.398550000000000000e+05 1.107490000000000016e-14 3.307459999999999810e-16
1.762730000000000000e+05 7.080230000000000272e-15 2.767229999999999904e-16
2.221750000000000000e+05 4.346490000000000149e-15 1.642730000000000071e-16
2.800290000000000000e+05 2.634750000000000067e-15 8.803849999999999573e-17
3.529490000000000000e+05 1.600919999999999989e-15 5.635030000000000129e-17
4.448570000000000000e+05 9.723089999999999991e-16 4.120279999999999772e-17
5.606980000000000000e+05 5.905769999999999722e-16 3.117699999999999981e-17
7.067040000000000000e+05 3.587089999999999977e-16 2.328109999999999856e-17
8.907290000000000000e+05 2.178760000000000076e-16 1.697779999999999913e-17
1.000000000000000000e+06 1.698017339525787178e-16 0.000000000000000000e+00
2.000000000000000000e+06 3.814240137620527819e-17 0.000000000000000000e+00
3.000000000000000000e+06 1.592355050046023028e-17 0.000000000000000000e+00
