3.368030000000000257e+01 2.309199999999999846e-06 2.645590000000000167e-09
4.245060000000000144e+01 1.089669999999999936e-06 7.507490000000000097e-10
5.350469999999999970e+01 5.086590000000000286e-07 5.678509999999999657e-10
6.743739999999999668e+01 2.565739999999999786e-07 2.899080000000000188e-10
8.499809999999999377e+01 1.286379999999999903e-07 2.105049999999999881e-10
1.071320000000000050e+02 8.948739999999999437e-08 1.064450000000000005e-10
1.350289999999999964e+02 6.338960000000000535e-08 9.295079999999999608e-11
1.701899999999999977e+02 3.853120000000000028e-08 4.329420000000000105e-11
2.145080000000000098e+02 2.394390000000000042e-08 3.792839999999999902e-11
2.703650000000000091e+02 1.420280000000000063e-08 1.672339999999999960e-11
3.407690000000000055e+02 8.475289999999999588e-09 1.227009999999999959e-11
4.295049999999999955e+02 4.981930000000000393e-09 6.948529999999999676e-12
5.413479999999999563e+02 2.904360000000000091e-09 4.901439999999999762e-12
6.823150000000000546e+02 1.637329999999999970e-09 3.197330000000000069e-12
8.599900000000000091e+02 9.349999999999999765e-10 2.051550000000000078e-12
1.083930000000000064e+03 5.411700000000000037e-10 1.479809999999999932e-12
1.366190000000000055e+03 3.037380000000000114e-10 8.498580000000000326e-13
1.721940000000000055e+03 1.650040000000000074e-10 6.323769999999999620e-13
2.170340000000000146e+03 9.748669999999999899e-11 3.425239999999999751e-13
2.735489999999999782e+03 5.917469999999999988e-11 2.936879999999999902e-13
3.447809999999999945e+03 3.529450000000000152e-11 1.466469999999999960e-13
4.345619999999999891e+03 2.090029999999999890e-11 1.317579999999999925e-13
5.477229999999999563e+03 1.303279999999999996e-11 6.582999999999999566e-14
6.903500000000000000e+03 8.099809999999999996e-12 6.162739999999999951e-14
8.701170000000000073e+03 4.858829999999999805e-12 3.161810000000000312e-14
1.096700000000000000e+04 2.926729999999999990e-12 2.671389999999999889e-14
1.382270000000000073e+04 1.693259999999999997e-12 1.353689999999999954e-14
1.742220000000000073e+04 9.932760000000000986e-13 1.189959999999999954e-14
2.195890000000000146e+04 5.581730000000000491e-13 5.803599999999999878e-15
2.767700000000000000e+04 3.160679999999999917e-13 4.676339999999999780e-15
3.488409999999999854e+04 1.764039999999999974e-13 2.817809999999999929e-15
4.396800000000000000e+04 9.665229999999999954e-14 1.729560000000000044e-15
5.541719999999999709e+04 5.389419999999999920e-14 1.472450000000000093e-15
6.984789999999999418e+04 2.728610000000000136e-14 7.113440000000000076e-16
8.803630000000000291e+04 1.422610000000000135e-14 5.976579999999999979e-16
1.109610000000000000e+05 6.857709999999999961e-15 2.975399999999999991e-16
1.398550000000000000e+05 3.239959999999999896e-15 1.868429999999999972e-16
1.762730000000000000e+05 1.522809999999999988e-15 1.304209999999999996e-16
2.221750000000000000e+05 7.640710000000000260e-16 6.744610000000000352e-17
2.800290000000000000e+05 3.907860000000000159e-16 4.051740000000000290e-17
3.529490000000000000e+05 1.991120000000000049e-16 2.786830000000000139e-17
4.448570000000000000e+05 1.015270000000000053e-16 1.880610000000000041e-17
5.606980000000000000e+05 5.176090000000000012e-17 1.212950000000000005e-17
7.067040000000000000e+05 2.638970000000000064e-17 7.529120000000000502e-18
8.907290000000000000e+05 1.345439999999999984e-17 4.538060000000000025e-18
1.000000000000000000e+06 9.606786762346449995e-18 0.000000000000000000e+00
2.000000000000000000e+06 1.277339001677608783e-18 0.000000000000000000e+00
3.000000000000000000e+06 3.923918019850149471e-19 0.000000000000000000e+00
