34.171 2.56301e-06 2.56222e-09
44.3332 1.26834e-06 8.12343e-10
57.5177 6.26279e-07 5.40947e-10
74.6231 3.19282e-07 2.9193e-10
96.8155 1.65494e-07 1.82773e-10
125.608 9.62932e-08 1.10005e-10
162.963 5.92474e-08 7.50383e-11
211.427 3.25533e-08 4.34345e-11
274.305 1.72697e-08 2.93609e-11
355.881 9.35531e-09 1.70903e-11
461.718 5.02376e-09 1.20995e-11
599.03 2.58007e-09 6.79276e-12
777.179 1.27759e-09 4.69675e-12
1008.31 6.54521e-10 2.59977e-12
1308.17 3.6504e-10 1.90695e-12
1697.21 1.92342e-10 1.10122e-12
2201.96 8.76788e-11 7.0788e-13
2856.81 4.61841e-11 3.93859e-13
3706.4 2.86137e-11 2.8711e-13
4808.67 1.70649e-11 1.75277e-13
6238.74 1.10607e-11 1.19167e-13
8094.1 7.97997e-12 8.75103e-14
10501.2 4.68283e-12 5.60238e-14
13624.2 2.76426e-12 3.42691e-14
17676 1.62953e-12 2.39113e-14
22932.8 8.54653e-13 1.32517e-14
29752.8 4.80234e-13 9.35634e-15
38601.2 2.65852e-13 5.63986e-15
50080.9 1.22324e-13 3.61758e-15
64974.7 5.74971e-14 1.85896e-15
84297.8 3.20709e-14 1.4294e-15
109367 1.68652e-14 8.35117e-16
141893 7.69533e-15 5.5677e-16
184091 3.52509e-15 2.8507e-16
238838 1.70411e-15 2.03047e-16
309868 8.8249e-16 1.1321e-16
402020 4.68877e-16 7.68717e-17
521579 2.85695e-16 4.71082e-17
676694 2.0043e-16 2.7804e-17
877938 1.37194e-16 3.01966e-17
