3.368030000000000257e+01 5.749590000000000122e-06 2.611289999999999985e-09
4.245060000000000144e+01 3.232509999999999820e-06 8.795860000000000271e-10
5.350469999999999970e+01 1.865129999999999920e-06 7.478920000000000060e-10
6.743739999999999668e+01 9.015780000000000016e-07 3.842059999999999758e-10
8.499809999999999377e+01 3.719830000000000031e-07 2.581809999999999897e-10
1.071320000000000050e+02 2.104119999999999918e-07 1.239840000000000032e-10
1.350289999999999964e+02 1.152720000000000015e-07 1.042470000000000020e-10
1.701899999999999977e+02 7.045380000000000583e-08 5.338450000000000058e-11
2.145080000000000098e+02 4.264340000000000186e-08 4.834530000000000080e-11
2.703650000000000091e+02 2.388819999999999946e-08 2.195729999999999975e-11
3.407690000000000055e+02 1.363769999999999976e-08 1.604570000000000139e-11
4.295049999999999955e+02 7.944890000000000675e-09 9.269589999999999885e-12
5.413479999999999563e+02 4.648389999999999909e-09 6.592210000000000241e-12
6.823150000000000546e+02 2.820080000000000047e-09 4.556070000000000397e-12
8.599900000000000091e+02 1.610150000000000070e-09 2.953089999999999890e-12
1.083930000000000064e+03 8.556809999999999943e-10 2.090510000000000147e-12
1.366190000000000055e+03 4.509840000000000114e-10 1.162170000000000086e-12
1.721940000000000055e+03 2.298040000000000059e-10 8.740700000000000308e-13
2.170340000000000146e+03 1.293489999999999894e-10 4.644490000000000337e-13
2.735489999999999782e+03 7.510589999999999807e-11 4.013819999999999956e-13
3.447809999999999945e+03 4.296159999999999902e-11 1.984030000000000079e-13
4.345619999999999891e+03 2.407569999999999848e-11 1.741199999999999942e-13
5.477229999999999563e+03 1.551469999999999891e-11 8.876159999999999460e-14
6.903500000000000000e+03 9.827210000000000088e-12 8.392900000000000518e-14
8.701170000000000073e+03 6.090169999999999686e-12 4.296919999999999779e-14
1.096700000000000000e+04 3.780930000000000127e-12 3.686869999999999895e-14
1.382270000000000073e+04 2.293459999999999802e-12 1.864769999999999889e-14
1.742220000000000073e+04 1.367209999999999987e-12 1.619919999999999864e-14
2.195890000000000146e+04 9.381459999999999084e-13 8.605239999999999389e-15
2.767700000000000000e+04 6.291079999999999887e-13 6.953380000000000193e-15
3.488409999999999854e+04 4.395889999999999760e-13 5.025700000000000392e-15
4.396800000000000000e+04 3.224990000000000175e-13 3.107220000000000031e-15
5.541719999999999709e+04 2.323200000000000138e-13 3.072919999999999848e-15
6.984789999999999418e+04 1.778400000000000026e-13 1.653669999999999910e-15
8.803630000000000291e+04 1.307100000000000055e-13 1.441030000000000067e-15
1.109610000000000000e+05 1.154839999999999904e-13 1.154600000000000066e-15
1.398550000000000000e+05 1.067399999999999950e-13 8.143110000000000298e-16
1.762730000000000000e+05 1.063619999999999940e-13 8.988699999999999510e-16
2.221750000000000000e+05 6.542210000000000100e-14 5.348429999999999820e-16
2.800290000000000000e+05 3.465899999999999777e-14 2.626649999999999994e-16
3.529490000000000000e+05 1.889679999999999893e-14 1.606459999999999878e-16
4.448570000000000000e+05 1.024549999999999974e-14 1.081110000000000004e-16
5.606980000000000000e+05 5.560960000000000337e-15 7.349259999999999981e-17
7.067040000000000000e+05 3.017689999999999935e-15 4.886489999999999950e-17
8.907290000000000000e+05 1.637639999999999923e-15 3.167009999999999914e-17
1.000000000000000000e+06 1.206394430803714621e-15 0.000000000000000000e+00
2.000000000000000000e+06 1.933863603839233060e-16 0.000000000000000000e+00
3.000000000000000000e+06 6.627405077325756990e-17 0.000000000000000000e+00
