3.368030000000000257e+01 1.237670000000000044e-06 2.815679999999999938e-09
4.245060000000000144e+01 6.806970000000000237e-07 9.244429999999999891e-10
5.350469999999999970e+01 3.711939999999999819e-07 6.626050000000000088e-10
6.743739999999999668e+01 2.144670000000000106e-07 3.627239999999999977e-10
8.499809999999999377e+01 1.257320000000000038e-07 2.544300000000000199e-10
1.071320000000000050e+02 8.380630000000000579e-08 1.235939999999999922e-10
1.350289999999999964e+02 5.714129999999999830e-08 1.047859999999999988e-10
1.701899999999999977e+02 3.337889999999999854e-08 4.834230000000000092e-11
2.145080000000000098e+02 1.987129999999999940e-08 4.147629999999999847e-11
2.703650000000000091e+02 1.200619999999999934e-08 1.834059999999999881e-11
3.407690000000000055e+02 7.237100000000000165e-09 1.346379999999999924e-11
4.295049999999999955e+02 4.406569999999999601e-09 7.577200000000000469e-12
5.413479999999999563e+02 2.619879999999999849e-09 5.390260000000000096e-12
6.823150000000000546e+02 1.454690000000000071e-09 3.385169999999999802e-12
8.599900000000000091e+02 8.409849999999999657e-10 2.174649999999999826e-12
1.083930000000000064e+03 5.097760000000000396e-10 1.554790000000000083e-12
1.366190000000000055e+03 2.899349999999999919e-10 8.948240000000000048e-13
1.721940000000000055e+03 1.571450000000000038e-10 6.486380000000000075e-13
2.170340000000000146e+03 9.187779999999999368e-11 3.480139999999999851e-13
2.735489999999999782e+03 5.476009999999999968e-11 2.940880000000000188e-13
3.447809999999999945e+03 3.277890000000000041e-11 1.472309999999999913e-13
4.345619999999999891e+03 1.953710000000000083e-11 1.329989999999999920e-13
5.477229999999999563e+03 1.202310000000000034e-11 6.633260000000000505e-14
6.903500000000000000e+03 7.395350000000000795e-12 6.193349999999999555e-14
8.701170000000000073e+03 4.387250000000000314e-12 3.186180000000000036e-14
1.096700000000000000e+04 2.615790000000000106e-12 2.678520000000000145e-14
1.382270000000000073e+04 1.513750000000000088e-12 1.360149999999999984e-14
1.742220000000000073e+04 8.863550000000000133e-13 1.194610000000000059e-14
2.195890000000000146e+04 4.976960000000000030e-13 5.812419999999999891e-15
2.767700000000000000e+04 2.811949999999999948e-13 4.664810000000000162e-15
3.488409999999999854e+04 1.579499999999999984e-13 2.823069999999999940e-15
4.396800000000000000e+04 8.792669999999999833e-14 1.736019999999999956e-15
5.541719999999999709e+04 4.995030000000000073e-14 1.500369999999999963e-15
6.984789999999999418e+04 2.498950000000000108e-14 7.212780000000000227e-16
8.803630000000000291e+04 1.292609999999999995e-14 6.035069999999999673e-16
1.109610000000000000e+05 6.256660000000000184e-15 2.999909999999999871e-16
1.398550000000000000e+05 2.985629999999999962e-15 1.875410000000000038e-16
1.762730000000000000e+05 1.399930000000000050e-15 1.301779999999999925e-16
2.221750000000000000e+05 7.582909999999999597e-16 7.104119999999999759e-17
2.800290000000000000e+05 4.285009999999999789e-16 4.326629999999999911e-17
3.529490000000000000e+05 2.401760000000000199e-16 3.112660000000000199e-17
4.448570000000000000e+05 1.348299999999999890e-16 2.279359999999999865e-17
5.606980000000000000e+05 7.566839999999999713e-17 1.614870000000000098e-17
7.067040000000000000e+05 4.246840000000000122e-17 1.104949999999999964e-17
8.907290000000000000e+05 2.383489999999999941e-17 7.347390000000000160e-18
1.000000000000000000e+06 1.785607851593277833e-17 0.000000000000000000e+00
2.000000000000000000e+06 3.165641056622535217e-18 0.000000000000000000e+00
3.000000000000000000e+06 1.150707808090126281e-18 0.000000000000000000e+00
