34.171 7.08439e-06 3.51064e-09
44.3332 3.50086e-06 1.10945e-09
57.5177 1.74e-06 7.34524e-10
74.6231 8.10765e-07 3.69945e-10
96.8155 3.50611e-07 2.13389e-10
125.608 1.90695e-07 1.21755e-10
162.963 1.22241e-07 9.01081e-11
211.427 6.56235e-08 5.15892e-11
274.305 3.16601e-08 3.28944e-11
355.881 1.75554e-08 1.92449e-11
461.718 1.07266e-08 1.40607e-11
599.03 6.86167e-09 9.34665e-12
777.179 4.77377e-09 7.45148e-12
1008.31 2.45521e-09 4.23838e-12
1308.17 1.00925e-09 2.62164e-12
1697.21 4.73304e-10 1.37392e-12
2201.96 2.27173e-10 9.66204e-13
2856.81 1.26505e-10 5.74093e-13
3706.4 7.32126e-11 4.07444e-13
4808.67 4.46978e-11 2.54989e-13
6238.74 3.2501e-11 1.91581e-13
8094.1 2.32549e-11 1.39541e-13
10501.2 1.42155e-11 9.41697e-14
13624.2 8.56955e-12 5.92166e-14
17676 5.02228e-12 4.22609e-14
22932.8 2.55753e-12 2.31125e-14
29752.8 1.27875e-12 1.54247e-14
38601.2 6.82814e-13 9.02323e-15
50080.9 3.23879e-13 6.00572e-15
64974.7 1.46921e-13 3.00044e-15
84297.8 7.39581e-14 2.13534e-15
109367 4.08267e-14 1.27567e-15
141893 2.02833e-14 8.36632e-16
184091 1.08181e-14 4.67166e-16
238838 7.4346e-15 3.67826e-16
309868 5.11408e-15 2.5826e-16
402020 3.52819e-15 1.86259e-16
521579 2.37834e-15 1.24838e-16
676694 1.56138e-15 7.42967e-17
877938 1.0298e-15 7.83517e-17
