34.171 1.78562e-06 5.43495e-09
44.3332 9.99308e-07 1.91886e-09
57.5177 5.60509e-07 1.2902e-09
74.6231 3.04704e-07 7.24995e-10
96.8155 1.63042e-07 4.29896e-10
125.608 8.83882e-08 2.42277e-10
162.963 4.63657e-08 1.51745e-10
211.427 2.08345e-08 7.55905e-11
274.305 8.92669e-09 4.85534e-11
355.881 4.42029e-09 2.64433e-11
461.718 2.24749e-09 1.8668e-11
599.03 1.19114e-09 1.10175e-11
777.179 6.01146e-10 8.17308e-12
1008.31 2.07969e-10 3.70514e-12
1308.17 6.83442e-11 2.44379e-12
1697.21 2.76495e-11 1.06659e-12
2201.96 1.57076e-11 7.372e-13
2856.81 1.49059e-11 6.88935e-13
3706.4 1.54896e-11 4.61995e-13
4808.67 1.21553e-11 3.27212e-13
6238.74 7.47852e-12 1.90908e-13
8094.1 4.80706e-12 1.22767e-13
10501.2 3.01381e-12 8.14233e-14
13624.2 1.74884e-12 4.90664e-14
17676 9.21929e-13 3.15031e-14
22932.8 4.85487e-13 1.73621e-14
29752.8 2.98744e-13 1.2635e-14
38601.2 1.79764e-13 8.08013e-15
50080.9 9.17955e-14 5.32372e-15
64974.7 4.49879e-14 2.8129e-15
84297.8 2.62666e-14 2.18731e-15
109367 1.37807e-14 1.34035e-15
141893 4.93117e-15 8.04844e-16
184091 1.71084e-15 3.59136e-16
238838 6.24964e-16 2.54857e-16
309868 2.44202e-16 1.12847e-16
402020 9.51412e-17 6.5175e-17
521579 5.64996e-17 3.89182e-17
676694 5.13765e-17 2.62169e-17
877938 4.35434e-17 3.46769e-17
