34.171 4.70115e-06 3.82804e-09
44.3332 2.43853e-06 1.26025e-09
57.5177 1.27769e-06 8.32009e-10
74.6231 5.96063e-07 4.22473e-10
96.8155 2.51451e-07 2.47904e-10
125.608 1.3658e-07 1.4226e-10
162.963 8.6525e-08 1.06622e-10
211.427 4.85306e-08 6.31304e-11
274.305 2.56439e-08 4.17298e-11
355.881 1.50236e-08 2.55966e-11
461.718 9.59212e-09 1.91485e-11
599.03 5.78698e-09 1.20659e-11
777.179 3.65108e-09 9.06337e-12
1008.31 2.21816e-09 5.90679e-12
1308.17 1.10927e-09 3.95441e-12
1697.21 4.58226e-10 1.91687e-12
2201.96 1.8744e-10 1.32822e-12
2856.81 8.76372e-11 6.97126e-13
3706.4 4.49372e-11 5.22277e-13
4808.67 2.60547e-11 3.12668e-13
6238.74 1.93994e-11 2.32515e-13
8094.1 1.62583e-11 1.94628e-13
10501.2 1.08148e-11 1.28352e-13
13624.2 7.19806e-12 8.62789e-14
17676 4.62244e-12 6.00347e-14
22932.8 3.01301e-12 3.95804e-14
29752.8 2.61693e-12 3.49795e-14
38601.2 1.64712e-12 2.33612e-14
50080.9 6.53629e-13 1.26575e-14
64974.7 3.15445e-13 6.59141e-15
84297.8 1.88225e-13 5.17457e-15
109367 1.02973e-13 3.04717e-15
141893 5.0886e-14 1.98112e-15
184091 2.92274e-14 1.18599e-15
238838 2.19287e-14 9.9367e-16
309868 1.58993e-14 7.37697e-16
402020 1.07046e-14 5.39675e-16
521579 7.51235e-15 3.77452e-16
676694 5.47011e-15 2.44486e-16
877938 3.95807e-15 2.82344e-16
