34.171 5.8521e-06 1.64027e-09
44.3332 3.19343e-06 5.69537e-10
57.5177 1.77206e-06 4.06041e-10
74.6231 8.80116e-07 2.18023e-10
96.8155 3.87423e-07 1.29409e-10
125.608 2.05938e-07 7.33374e-11
162.963 1.20414e-07 5.36582e-11
211.427 6.40538e-08 3.07362e-11
274.305 3.3495e-08 2.14989e-11
355.881 1.80664e-08 1.25103e-11
461.718 9.8385e-09 9.00663e-12
599.03 5.35296e-09 5.30004e-12
777.179 2.94419e-09 3.90594e-12
1008.31 1.45726e-09 2.14393e-12
1308.17 6.85838e-10 1.47417e-12
1697.21 3.44328e-10 8.20729e-13
2201.96 1.70447e-10 5.83417e-13
2856.81 8.72317e-11 3.24864e-13
3706.4 4.45172e-11 2.22855e-13
4808.67 2.48218e-11 1.28872e-13
6238.74 1.66104e-11 9.23733e-14
8094.1 1.20842e-11 6.82719e-14
10501.2 7.65085e-12 4.58337e-14
13624.2 4.61251e-12 2.86087e-14
17676 2.59804e-12 1.92951e-14
22932.8 1.40349e-12 1.08982e-14
29752.8 8.33804e-13 7.67473e-15
38601.2 5.32803e-13 5.10266e-15
50080.9 3.0931e-13 3.43411e-15
64974.7 1.86219e-13 2.11208e-15
84297.8 1.33669e-13 1.58207e-15
109367 1.06699e-13 1.26633e-15
141893 8.81466e-14 1.02644e-15
184091 6.07786e-14 7.17884e-16
238838 4.14214e-14 5.4961e-16
309868 2.38094e-14 3.35735e-16
402020 1.11167e-14 2.06334e-16
521579 5.38555e-15 1.05525e-16
676694 2.569e-15 6.04519e-17
877938 1.22912e-15 4.71832e-17
