3.368030000000000257e+01 5.875799999999999715e-06 2.937950000000000179e-09
4.245060000000000144e+01 3.417060000000000027e-06 1.020809999999999911e-09
5.350469999999999970e+01 2.037449999999999864e-06 8.236319999999999947e-10
6.743739999999999668e+01 1.026640000000000093e-06 4.243050000000000149e-10
8.499809999999999377e+01 4.400639999999999891e-07 2.754610000000000065e-10
1.071320000000000050e+02 2.705540000000000019e-07 1.357960000000000034e-10
1.350289999999999964e+02 1.656189999999999956e-07 1.198419999999999880e-10
1.701899999999999977e+02 9.448729999999999403e-08 5.800919999999999883e-11
2.145080000000000098e+02 5.449549999999999984e-08 5.041910000000000273e-11
2.703650000000000091e+02 3.050309999999999737e-08 2.335049999999999991e-11
3.407690000000000055e+02 1.721370000000000147e-08 1.702159999999999928e-11
4.295049999999999955e+02 9.807510000000000184e-09 9.928739999999999555e-12
5.413479999999999563e+02 5.654110000000000031e-09 7.010960000000000249e-12
6.823150000000000546e+02 3.441300000000000100e-09 4.950800000000000271e-12
8.599900000000000091e+02 1.939680000000000068e-09 3.189640000000000129e-12
1.083930000000000064e+03 9.855360000000000593e-10 2.211710000000000074e-12
1.366190000000000055e+03 5.408120000000000346e-10 1.259849999999999928e-12
1.721940000000000055e+03 3.072810000000000063e-10 1.007779999999999973e-12
2.170340000000000146e+03 1.741289999999999888e-10 5.403140000000000340e-13
2.735489999999999782e+03 1.003409999999999950e-10 4.664019999999999548e-13
3.447809999999999945e+03 5.289139999999999816e-11 2.260290000000000005e-13
4.345619999999999891e+03 2.732990000000000131e-11 1.927639999999999903e-13
5.477229999999999563e+03 1.620580000000000028e-11 9.780139999999999764e-14
6.903500000000000000e+03 9.388519999999999662e-12 8.887669999999999681e-14
8.701170000000000073e+03 5.600670000000000207e-12 4.635240000000000275e-14
1.096700000000000000e+04 3.323039999999999945e-12 3.887670000000000160e-14
1.382270000000000073e+04 1.980250000000000170e-12 1.988290000000000129e-14
1.742220000000000073e+04 1.175230000000000032e-12 1.748859999999999944e-14
2.195890000000000146e+04 7.128970000000000066e-13 8.742189999999999376e-15
2.767700000000000000e+04 4.315010000000000008e-13 7.062149999999999789e-15
3.488409999999999854e+04 2.603379999999999859e-13 4.514680000000000225e-15
4.396800000000000000e+04 1.562450000000000072e-13 2.707359999999999880e-15
5.541719999999999709e+04 9.417050000000000248e-14 2.410070000000000131e-15
6.984789999999999418e+04 5.554260000000000130e-14 1.152190000000000091e-15
8.803630000000000291e+04 3.201989999999999794e-14 9.513359999999999243e-16
1.109610000000000000e+05 2.200089999999999981e-14 6.039800000000000048e-16
1.398550000000000000e+05 1.594930000000000064e-14 3.693479999999999917e-16
1.762730000000000000e+05 1.164879999999999949e-14 3.295500000000000006e-16
2.221750000000000000e+05 7.665120000000000197e-15 2.080990000000000018e-16
2.800290000000000000e+05 4.879900000000000271e-15 1.130349999999999967e-16
3.529490000000000000e+05 3.125649999999999820e-15 7.197970000000000534e-17
4.448570000000000000e+05 1.999790000000000099e-15 5.359979999999999732e-17
5.606980000000000000e+05 1.279720000000000016e-15 4.245800000000000011e-17
7.067040000000000000e+05 8.189040000000000238e-16 3.353889999999999955e-17
8.907290000000000000e+05 5.240249999999999707e-16 2.592900000000000124e-17
1.000000000000000000e+06 4.191898594049243433e-16 0.000000000000000000e+00
2.000000000000000000e+06 1.100831876265183245e-16 0.000000000000000000e+00
3.000000000000000000e+06 5.035461223161563120e-17 0.000000000000000000e+00
