3.368030000000000257e+01 1.366410000000000018e-06 4.462450000000000033e-09
4.245060000000000144e+01 6.841019999999999937e-07 1.341089999999999967e-09
5.350469999999999970e+01 3.370650000000000076e-07 1.024409999999999981e-09
6.743739999999999668e+01 1.857240000000000026e-07 5.554629999999999874e-10
8.499809999999999377e+01 1.065279999999999994e-07 4.268989999999999855e-10
1.071320000000000050e+02 7.286630000000000179e-08 2.127229999999999901e-10
1.350289999999999964e+02 5.075899999999999811e-08 1.837220000000000041e-10
1.701899999999999977e+02 3.118669999999999695e-08 8.582929999999999901e-11
2.145080000000000098e+02 1.951369999999999890e-08 7.523919999999999388e-11
2.703650000000000091e+02 1.174240000000000031e-08 3.175680000000000298e-11
3.407690000000000055e+02 7.113269999999999777e-09 2.286679999999999865e-11
4.295049999999999955e+02 4.320580000000000397e-09 1.287540000000000065e-11
5.413479999999999563e+02 2.557820000000000169e-09 9.153820000000000268e-12
6.823150000000000546e+02 1.407730000000000059e-09 5.896860000000000381e-12
8.599900000000000091e+02 7.905360000000000089e-10 3.744350000000000297e-12
1.083930000000000064e+03 4.506619999999999891e-10 2.739719999999999962e-12
1.366190000000000055e+03 2.444829999999999921e-10 1.544159999999999955e-12
1.721940000000000055e+03 1.255309999999999877e-10 1.130090000000000085e-12
2.170340000000000146e+03 7.461569999999999598e-11 6.151819999999999529e-13
2.735489999999999782e+03 4.681709999999999930e-11 5.425680000000000364e-13
3.447809999999999945e+03 2.732390000000000154e-11 2.685280000000000247e-13
4.345619999999999891e+03 1.580280000000000048e-11 2.388490000000000155e-13
5.477229999999999563e+03 9.789739999999999441e-12 1.196759999999999891e-13
6.903500000000000000e+03 6.011140000000000173e-12 1.113919999999999988e-13
8.701170000000000073e+03 3.661809999999999722e-12 5.751410000000000582e-14
1.096700000000000000e+04 2.229109999999999980e-12 4.892820000000000173e-14
1.382270000000000073e+04 1.308600000000000099e-12 2.489929999999999973e-14
1.742220000000000073e+04 7.799489999999999515e-13 2.211639999999999942e-14
2.195890000000000146e+04 4.392290000000000159e-13 1.074299999999999964e-14
2.767700000000000000e+04 2.496510000000000234e-13 8.629319999999999575e-15
3.488409999999999854e+04 1.399310000000000123e-13 5.210870000000000204e-15
4.396800000000000000e+04 7.693780000000000312e-14 3.171420000000000167e-15
5.541719999999999709e+04 4.348360000000000315e-14 2.728309999999999954e-15
6.984789999999999418e+04 2.085100000000000059e-14 1.311830000000000059e-15
8.803630000000000291e+04 1.040770000000000068e-14 1.081990000000000055e-15
1.109610000000000000e+05 4.876019999999999900e-15 5.557929999999999576e-16
1.398550000000000000e+05 2.233270000000000098e-15 3.822429999999999774e-16
1.762730000000000000e+05 1.076549999999999912e-15 2.800370000000000084e-16
2.221750000000000000e+05 3.670659999999999972e-16 1.737289999999999975e-16
2.800290000000000000e+05 1.142470000000000054e-16 1.156159999999999986e-16
3.529490000000000000e+05 3.630160000000000103e-17 5.776769999999999499e-17
4.448570000000000000e+05 1.148039999999999940e-17 2.501740000000000063e-17
5.606980000000000000e+05 3.634590000000000164e-18 1.006800000000000066e-17
7.067040000000000000e+05 1.150400000000000057e-18 3.868100000000000241e-18
8.907290000000000000e+05 3.641360000000000013e-19 1.440359999999999938e-18
1.000000000000000000e+06 2.048656132208431620e-19 0.000000000000000000e+00
2.000000000000000000e+06 6.533854132512271666e-21 0.000000000000000000e+00
3.000000000000000000e+06 8.707435363935015355e-22 0.000000000000000000e+00
