34.171 5.83325e-07 3.69879e-09
44.3332 4.50412e-07 1.74099e-09
57.5177 3.56396e-07 1.01665e-09
74.6231 2.23612e-07 6.06235e-10
96.8155 1.16761e-07 3.2726e-10
125.608 6.69633e-08 1.92112e-10
162.963 3.84253e-08 1.25828e-10
211.427 2.09641e-08 7.20646e-11
274.305 1.13659e-08 4.83188e-11
355.881 6.22133e-09 2.82994e-11
461.718 3.31851e-09 1.97401e-11
599.03 1.62859e-09 1.04879e-11
777.179 8.21762e-10 7.13927e-12
1008.31 5.18289e-10 4.73532e-12
1308.17 3.09271e-10 3.29413e-12
1697.21 1.41557e-10 1.6564e-12
2201.96 6.69814e-11 1.14985e-12
2856.81 3.70065e-11 6.76969e-13
3706.4 2.25855e-11 5.03219e-13
4808.67 1.31683e-11 3.05319e-13
6238.74 7.69454e-12 2.04314e-13
8094.1 4.77732e-12 1.32539e-13
10501.2 2.55789e-12 8.55729e-14
13624.2 1.44473e-12 5.10072e-14
17676 8.29848e-13 3.6317e-14
22932.8 4.28795e-13 1.98188e-14
29752.8 2.54554e-13 1.448e-14
38601.2 1.41284e-13 8.82886e-15
50080.9 5.83767e-14 5.2732e-15
64974.7 2.80173e-14 2.75835e-15
84297.8 1.6947e-14 2.25486e-15
109367 8.81994e-15 1.33596e-15
141893 3.51894e-15 8.39041e-16
184091 1.43267e-15 3.8847e-16
238838 8.18848e-16 3.40569e-16
309868 3.3029e-16 1.61697e-16
402020 7.42487e-17 6.09431e-17
521579 5.28467e-17 4.31442e-17
676694 1.0854e-16 4.53951e-17
877938 1.93658e-16 1.15624e-16
