34.171 1.16363e-06 3.97892e-09
44.3332 7.37594e-07 1.55424e-09
57.5177 4.71442e-07 9.0696e-10
74.6231 2.65667e-07 5.10347e-10
96.8155 1.35661e-07 2.82731e-10
125.608 7.24345e-08 1.56671e-10
162.963 3.86685e-08 1.00115e-10
211.427 1.98044e-08 5.47792e-11
274.305 1.00618e-08 3.65663e-11
355.881 5.25975e-09 2.06298e-11
461.718 2.70963e-09 1.41421e-11
599.03 1.36919e-09 7.74632e-12
777.179 6.9615e-10 5.3155e-12
1008.31 3.68442e-10 3.02197e-12
1308.17 1.94121e-10 2.06126e-12
1697.21 1.01073e-10 1.14079e-12
2201.96 5.38807e-11 7.60154e-13
2856.81 3.36666e-11 4.88993e-13
3706.4 2.19563e-11 3.36373e-13
4808.67 1.33629e-11 2.0854e-13
6238.74 8.10298e-12 1.38108e-13
8094.1 5.00843e-12 8.81237e-14
10501.2 2.84748e-12 5.80283e-14
13624.2 1.60112e-12 3.41316e-14
17676 9.12674e-13 2.34782e-14
22932.8 4.94344e-13 1.34174e-14
29752.8 2.71614e-13 9.12531e-15
38601.2 1.56262e-13 5.65741e-15
50080.9 7.78786e-14 3.79536e-15
64974.7 3.69024e-14 2.00477e-15
84297.8 1.8955e-14 1.52793e-15
109367 8.28239e-15 8.10961e-16
141893 2.77952e-15 4.87454e-16
184091 1.23507e-15 2.44885e-16
238838 1.00236e-15 2.9498e-16
309868 2.18927e-16 1.40225e-16
402020 1.1948e-17 2.0529e-17
521579 6.4052e-18 1.10348e-17
676694 2.0287e-17 1.50832e-17
877938 5.16597e-17 5.04625e-17
