34.171 7.14834e-06 3.9973e-09
44.3332 3.46554e-06 1.25392e-09
57.5177 1.70012e-06 8.82362e-10
74.6231 7.57742e-07 4.3584e-10
96.8155 3.05648e-07 2.5282e-10
125.608 1.65101e-07 1.444e-10
162.963 1.08391e-07 1.11472e-10
211.427 5.91112e-08 6.51619e-11
274.305 2.92729e-08 4.32486e-11
355.881 1.62385e-08 2.54858e-11
461.718 9.72889e-09 1.8813e-11
599.03 6.07478e-09 1.22636e-11
777.179 4.11157e-09 9.63219e-12
1008.31 2.24071e-09 5.7362e-12
1308.17 1.0077e-09 3.72483e-12
1697.21 4.41866e-10 1.8318e-12
2201.96 2.09342e-10 1.29485e-12
2856.81 1.12581e-10 7.49306e-13
3706.4 6.09352e-11 5.15436e-13
4808.67 3.63011e-11 3.15777e-13
6238.74 2.55365e-11 2.30351e-13
8094.1 1.84926e-11 1.68985e-13
10501.2 1.1667e-11 1.13639e-13
13624.2 7.22299e-12 7.2521e-14
17676 4.16072e-12 4.86854e-14
22932.8 2.50451e-12 3.02102e-14
29752.8 1.8171e-12 2.42462e-14
38601.2 1.16805e-12 1.63673e-14
50080.9 6.24674e-13 1.10033e-14
64974.7 3.18875e-13 6.02155e-15
84297.8 1.70621e-13 4.2254e-15
109367 9.89816e-14 2.61533e-15
141893 5.37804e-14 1.79998e-15
184091 2.92847e-14 1.02399e-15
238838 1.90472e-14 7.6675e-16
309868 1.25349e-14 5.17853e-16
402020 7.77404e-15 3.4759e-16
521579 4.81745e-15 2.15565e-16
676694 3.02228e-15 1.25888e-16
877938 1.89189e-15 1.26312e-16
