3.368030000000000257e+01 3.855230000000000356e-06 3.521229999999999844e-09
4.245060000000000144e+01 2.283910000000000127e-06 1.245959999999999904e-09
5.350469999999999970e+01 1.406370000000000013e-06 1.027550000000000034e-09
6.743739999999999668e+01 6.675609999999999516e-07 5.239740000000000354e-10
8.499809999999999377e+01 2.510370000000000264e-07 3.300090000000000233e-10
1.071320000000000050e+02 1.514560000000000031e-07 1.669300000000000119e-10
1.350289999999999964e+02 8.859610000000000014e-08 1.479730000000000069e-10
1.701899999999999977e+02 5.475639999999999922e-08 7.524620000000000223e-11
2.145080000000000098e+02 3.367110000000000297e-08 6.847500000000000135e-11
2.703650000000000091e+02 1.994010000000000066e-08 3.066039999999999888e-11
3.407690000000000055e+02 1.185389999999999936e-08 2.262809999999999887e-11
4.295049999999999955e+02 6.918779999999999966e-09 1.313549999999999951e-11
5.413479999999999563e+02 4.012510000000000240e-09 9.309590000000000522e-12
6.823150000000000546e+02 2.241410000000000018e-09 6.248830000000000143e-12
8.599900000000000091e+02 1.311509999999999951e-09 4.102350000000000185e-12
1.083930000000000064e+03 8.290600000000000301e-10 3.125179999999999816e-12
1.366190000000000055e+03 4.611940000000000206e-10 1.802860000000000055e-12
1.721940000000000055e+03 2.354979999999999968e-10 1.320240000000000037e-12
2.170340000000000146e+03 1.290629999999999916e-10 7.033920000000000385e-13
2.735489999999999782e+03 7.243719999999999673e-11 6.176329999999999795e-13
3.447809999999999945e+03 3.824649999999999945e-11 3.036200000000000230e-13
4.345619999999999891e+03 1.945579999999999875e-11 2.572390000000000008e-13
5.477229999999999563e+03 1.274359999999999994e-11 1.332339999999999905e-13
6.903500000000000000e+03 8.080250000000000027e-12 1.260679999999999935e-13
8.701170000000000073e+03 4.971759999999999810e-12 6.439649999999999475e-14
1.096700000000000000e+04 3.072719999999999856e-12 5.511920000000000156e-14
1.382270000000000073e+04 1.883760000000000043e-12 2.820430000000000118e-14
1.742220000000000073e+04 1.134940000000000009e-12 2.477749999999999843e-14
2.195890000000000146e+04 7.730040000000000250e-13 1.312170000000000021e-14
2.767700000000000000e+04 5.212790000000000046e-13 1.075120000000000005e-14
3.488409999999999854e+04 3.419459999999999851e-13 7.349330000000000641e-15
4.396800000000000000e+04 2.185810000000000104e-13 4.291639999999999662e-15
5.541719999999999709e+04 1.320940000000000074e-13 3.702380000000000022e-15
6.984789999999999418e+04 1.171440000000000055e-13 2.210420000000000131e-15
8.803630000000000291e+04 9.454139999999999437e-14 1.929720000000000126e-15
1.109610000000000000e+05 9.147110000000000441e-14 1.678519999999999909e-15
1.398550000000000000e+05 9.194970000000000552e-14 1.234399999999999903e-15
1.762730000000000000e+05 1.007670000000000062e-13 1.418099999999999910e-15
2.221750000000000000e+05 6.522950000000000493e-14 8.884749999999999073e-16
2.800290000000000000e+05 3.580569999999999883e-14 4.613839999999999849e-16
3.529490000000000000e+05 2.028010000000000072e-14 2.999980000000000087e-16
4.448570000000000000e+05 1.141750000000000064e-14 2.117250000000000039e-16
5.606980000000000000e+05 6.435410000000000179e-15 1.497099999999999961e-16
7.067040000000000000e+05 3.626469999999999939e-15 1.032600000000000006e-16
8.907290000000000000e+05 2.043669999999999936e-15 6.938269999999999983e-17
1.000000000000000000e+06 1.534168820658257739e-15 0.000000000000000000e+00
2.000000000000000000e+06 2.753453362526512421e-16 0.000000000000000000e+00
3.000000000000000000e+06 1.008087835500459742e-16 0.000000000000000000e+00
