3.368030000000000257e+01 2.272430000000000027e-06 3.416939999999999990e-09
4.245060000000000144e+01 1.050130000000000100e-06 9.508720000000000640e-10
5.350469999999999970e+01 4.793839999999999998e-07 7.252690000000000108e-10
6.743739999999999668e+01 2.389960000000000048e-07 3.695209999999999899e-10
8.499809999999999377e+01 1.184049999999999939e-07 2.710450000000000189e-10
1.071320000000000050e+02 8.477230000000000266e-08 1.396620000000000033e-10
1.350289999999999964e+02 6.194060000000000343e-08 1.231110000000000105e-10
1.701899999999999977e+02 3.826399999999999773e-08 5.776709999999999768e-11
2.145080000000000098e+02 2.426070000000000164e-08 5.128480000000000136e-11
2.703650000000000091e+02 1.417140000000000009e-08 2.245479999999999919e-11
3.407690000000000055e+02 8.406480000000000112e-09 1.644469999999999919e-11
4.295049999999999955e+02 4.995680000000000268e-09 9.377480000000000145e-12
5.413479999999999563e+02 2.924280000000000163e-09 6.638390000000000353e-12
6.823150000000000546e+02 1.639150000000000073e-09 4.321650000000000271e-12
8.599900000000000091e+02 9.324370000000000134e-10 2.764819999999999926e-12
1.083930000000000064e+03 5.376150000000000093e-10 1.992800000000000152e-12
1.366190000000000055e+03 2.999449999999999915e-10 1.138539999999999913e-12
1.721940000000000055e+03 1.618239999999999987e-10 8.429130000000000051e-13
2.170340000000000146e+03 9.469299999999999808e-11 4.535579999999999946e-13
2.735489999999999782e+03 5.649040000000000171e-11 3.845599999999999790e-13
3.447809999999999945e+03 3.449799999999999942e-11 1.935329999999999994e-13
4.345619999999999891e+03 2.094060000000000147e-11 1.751249999999999985e-13
5.477229999999999563e+03 1.327810000000000014e-11 8.737250000000000207e-14
6.903500000000000000e+03 8.392019999999999213e-12 8.211590000000000102e-14
8.701170000000000073e+03 5.171549999999999709e-12 4.191359999999999697e-14
1.096700000000000000e+04 3.192850000000000072e-12 3.581919999999999797e-14
1.382270000000000073e+04 1.887639999999999821e-12 1.812979999999999889e-14
1.742220000000000073e+04 1.126569999999999914e-12 1.601420000000000057e-14
2.195890000000000146e+04 6.655689999999999885e-13 7.905729999999999979e-15
2.767700000000000000e+04 3.925930000000000115e-13 6.341339999999999816e-15
3.488409999999999854e+04 2.360449999999999802e-13 4.043529999999999659e-15
4.396800000000000000e+04 1.447849999999999985e-13 2.467690000000000070e-15
5.541719999999999709e+04 9.016070000000000426e-14 2.266410000000000081e-15
6.984789999999999418e+04 4.960469999999999764e-14 1.057639999999999965e-15
8.803630000000000291e+04 2.758000000000000087e-14 8.764329999999999771e-16
1.109610000000000000e+05 1.663319999999999899e-14 4.973300000000000369e-16
1.398550000000000000e+05 1.031780000000000054e-14 2.915000000000000035e-16
1.762730000000000000e+05 6.346320000000000146e-15 2.361579999999999909e-16
2.221750000000000000e+05 3.990230000000000154e-15 1.428629999999999955e-16
2.800290000000000000e+05 2.524440000000000055e-15 7.698700000000000488e-17
3.529490000000000000e+05 1.595269999999999986e-15 4.822310000000000034e-17
4.448570000000000000e+05 1.008319999999999984e-15 3.540719999999999753e-17
5.606980000000000000e+05 6.372969999999999701e-16 2.769080000000000060e-17
7.067040000000000000e+05 4.028000000000000076e-16 2.161040000000000020e-17
8.907290000000000000e+05 2.545879999999999768e-16 1.650770000000000038e-17
1.000000000000000000e+06 2.024004141363401365e-16 0.000000000000000000e+00
2.000000000000000000e+06 5.121962431669381446e-17 0.000000000000000000e+00
3.000000000000000000e+06 2.292690268599895892e-17 0.000000000000000000e+00
