3.368030000000000257e+01 8.227379999999999653e-07 5.651109999999999938e-09
4.245060000000000144e+01 5.199379999999999803e-07 2.122460000000000134e-09
5.350469999999999970e+01 3.294469999999999986e-07 1.459009999999999907e-09
6.743739999999999668e+01 2.052089999999999948e-07 8.340500000000000305e-10
8.499809999999999377e+01 1.252650000000000037e-07 5.567200000000000173e-10
1.071320000000000050e+02 8.064439999999999916e-08 2.641999999999999769e-10
1.350289999999999964e+02 5.247349999999999669e-08 2.189860000000000025e-10
1.701899999999999977e+02 3.159040000000000208e-08 1.037830000000000024e-10
2.145080000000000098e+02 1.917599999999999913e-08 9.057929999999999553e-11
2.703650000000000091e+02 1.194680000000000015e-08 4.068509999999999917e-11
3.407690000000000055e+02 7.370549999999999947e-09 3.032350000000000261e-11
4.295049999999999955e+02 4.441429999999999623e-09 1.698540000000000152e-11
5.413479999999999563e+02 2.634029999999999847e-09 1.206299999999999979e-11
6.823150000000000546e+02 1.464360000000000101e-09 7.540330000000000446e-12
8.599900000000000091e+02 8.457500000000000004e-10 4.828039999999999691e-12
1.083930000000000064e+03 5.097000000000000080e-10 3.393300000000000091e-12
1.366190000000000055e+03 2.926339999999999844e-10 1.950169999999999959e-12
1.721940000000000055e+03 1.619079999999999955e-10 1.393539999999999937e-12
2.170340000000000146e+03 9.563290000000000380e-11 7.463029999999999755e-13
2.735489999999999782e+03 5.782509999999999763e-11 6.251920000000000284e-13
3.447809999999999945e+03 3.376209999999999889e-11 3.096280000000000212e-13
4.345619999999999891e+03 1.953659999999999977e-11 2.756659999999999888e-13
5.477229999999999563e+03 1.203130000000000024e-11 1.379399999999999908e-13
6.903500000000000000e+03 7.389190000000000748e-12 1.288149999999999918e-13
8.701170000000000073e+03 4.295349999999999868e-12 6.508460000000000370e-14
1.096700000000000000e+04 2.525880000000000138e-12 5.400339999999999711e-14
1.382270000000000073e+04 1.497760000000000072e-12 2.791680000000000114e-14
1.742220000000000073e+04 8.979860000000000068e-13 2.501979999999999844e-14
2.195890000000000146e+04 4.951340000000000186e-13 1.205210000000000034e-14
2.767700000000000000e+04 2.764359999999999946e-13 9.643700000000000095e-15
3.488409999999999854e+04 1.523079999999999908e-13 5.752409999999999928e-15
4.396800000000000000e+04 8.272259999999999883e-14 3.556360000000000068e-15
5.541719999999999709e+04 4.538879999999999790e-14 2.990889999999999973e-15
6.984789999999999418e+04 2.365889999999999954e-14 1.503079999999999962e-15
8.803630000000000291e+04 1.257029999999999996e-14 1.294110000000000039e-15
1.109610000000000000e+05 6.251829999999999669e-15 6.890689999999999562e-16
1.398550000000000000e+05 2.994250000000000090e-15 4.747010000000000196e-16
1.762730000000000000e+05 1.629499999999999953e-15 3.897300000000000239e-16
2.221750000000000000e+05 3.569180000000000047e-16 7.958529999999999575e-16
2.800290000000000000e+05 6.278749999999999967e-17 3.436580000000000121e-16
3.529490000000000000e+05 1.169420000000000053e-17 1.020209999999999966e-16
4.448570000000000000e+05 2.145569999999999978e-18 2.569529999999999916e-17
5.606980000000000000e+05 3.952139999999999776e-19 6.018490000000000244e-18
7.067040000000000000e+05 7.272219999999999918e-20 1.343990000000000003e-18
8.907290000000000000e+05 1.338499999999999928e-20 2.909100000000000086e-19
1.000000000000000000e+06 5.742370793036175119e-21 0.000000000000000000e+00
2.000000000000000000e+06 3.610431304287796512e-23 0.000000000000000000e+00
3.000000000000000000e+06 1.860995558122971424e-24 0.000000000000000000e+00
