34.171 5.15738e-06 1.8029e-09
44.3332 2.54792e-06 5.74122e-10
57.5177 1.27253e-06 4.02024e-10
74.6231 5.90613e-07 2.06361e-10
96.8155 2.51846e-07 1.26231e-10
125.608 1.29203e-07 6.97766e-11
162.963 7.29415e-08 5.08508e-11
211.427 3.81719e-08 2.8757e-11
274.305 1.99934e-08 2.02464e-11
355.881 1.08192e-08 1.17806e-11
461.718 5.95846e-09 8.44549e-12
599.03 3.23222e-09 4.94319e-12
777.179 1.73839e-09 3.54334e-12
1008.31 8.78973e-10 1.96116e-12
1308.17 4.41708e-10 1.37933e-12
1697.21 2.26404e-10 7.77675e-13
2201.96 1.09386e-10 5.29177e-13
2856.81 5.89191e-11 3.02872e-13
3706.4 3.40047e-11 2.12329e-13
4808.67 2.0196e-11 1.28792e-13
6238.74 1.38084e-11 8.89884e-14
8094.1 1.02932e-11 6.66831e-14
10501.2 6.64161e-12 4.43582e-14
13624.2 4.05871e-12 2.7907e-14
17676 2.30816e-12 1.87519e-14
22932.8 1.24283e-12 1.05522e-14
29752.8 7.26111e-13 7.33504e-15
38601.2 4.57521e-13 4.82401e-15
50080.9 2.63506e-13 3.27228e-15
64974.7 1.51955e-13 1.94868e-15
84297.8 1.01669e-13 1.44987e-15
109367 7.35601e-14 1.07143e-15
141893 5.27384e-14 8.22941e-16
184091 3.29551e-14 5.321e-16
238838 2.12665e-14 4.07426e-16
309868 1.09669e-14 2.29747e-16
402020 4.32013e-15 1.3012e-16
521579 2.03027e-15 6.4885e-17
676694 1.05699e-15 4.04786e-17
877938 5.39608e-16 3.37079e-17
