3.368030000000000257e+01 6.640359999999999727e-06 4.782080000000000096e-09
4.245060000000000144e+01 3.534689999999999949e-06 1.527139999999999960e-09
5.350469999999999970e+01 1.931360000000000004e-06 1.275229999999999948e-09
6.743739999999999668e+01 8.797460000000000216e-07 6.262969999999999725e-10
8.499809999999999377e+01 3.310510000000000174e-07 3.929540000000000060e-10
1.071320000000000050e+02 2.096189999999999926e-07 1.973439999999999960e-10
1.350289999999999964e+02 1.293909999999999971e-07 1.730610000000000034e-10
1.701899999999999977e+02 8.199380000000000196e-08 8.652719999999999667e-11
2.145080000000000098e+02 5.236609999999999932e-08 7.960759999999999453e-11
2.703650000000000091e+02 2.796350000000000089e-08 3.457229999999999961e-11
3.407690000000000055e+02 1.586300000000000116e-08 2.506059999999999926e-11
4.295049999999999955e+02 1.039459999999999965e-08 1.495210000000000129e-11
5.413479999999999563e+02 6.841310000000000232e-09 1.161919999999999960e-11
6.823150000000000546e+02 5.123520000000000108e-09 8.612150000000000214e-12
8.599900000000000091e+02 3.280239999999999831e-09 6.098439999999999609e-12
1.083930000000000064e+03 1.761270000000000061e-09 4.187710000000000137e-12
1.366190000000000055e+03 9.053129999999999735e-10 2.287829999999999956e-12
1.721940000000000055e+03 4.299489999999999905e-10 1.643699999999999953e-12
2.170340000000000146e+03 2.329400000000000249e-10 8.564540000000000380e-13
2.735489999999999782e+03 1.299699999999999917e-10 7.332729999999999795e-13
3.447809999999999945e+03 7.463269999999999964e-11 3.623699999999999998e-13
4.345619999999999891e+03 4.104039999999999949e-11 3.107550000000000224e-13
5.477229999999999563e+03 3.000110000000000148e-11 1.689030000000000074e-13
6.903500000000000000e+03 2.123569999999999846e-11 1.698100000000000105e-13
8.701170000000000073e+03 1.422560000000000029e-11 8.901490000000000524e-14
1.096700000000000000e+04 9.577290000000000280e-12 8.078449999999999520e-14
1.382270000000000073e+04 5.999769999999999990e-12 4.155790000000000107e-14
1.742220000000000073e+04 3.757989999999999823e-12 3.756830000000000109e-14
2.195890000000000146e+04 2.560159999999999867e-12 2.035730000000000127e-14
2.767700000000000000e+04 1.740050000000000043e-12 1.750039999999999857e-14
3.488409999999999854e+04 1.129710000000000040e-12 1.198639999999999929e-14
4.396800000000000000e+04 6.882110000000000247e-13 7.286689999999999292e-15
5.541719999999999709e+04 4.351040000000000209e-13 6.801230000000000274e-15
6.984789999999999418e+04 2.322460000000000082e-13 3.145390000000000018e-15
8.803630000000000291e+04 1.261940000000000023e-13 2.589629999999999838e-15
1.109610000000000000e+05 7.500740000000000157e-14 1.450119999999999984e-15
1.398550000000000000e+05 4.608829999999999911e-14 8.460179999999999552e-16
1.762730000000000000e+05 2.778010000000000032e-14 6.734399999999999541e-16
2.221750000000000000e+05 1.824860000000000074e-14 4.243170000000000079e-16
2.800290000000000000e+05 1.230050000000000019e-14 2.377859999999999949e-16
3.529490000000000000e+05 8.252389999999999976e-15 1.508860000000000028e-16
4.448570000000000000e+05 5.541240000000000088e-15 1.138910000000000051e-16
5.606980000000000000e+05 3.720209999999999762e-15 9.397589999999999928e-17
7.067040000000000000e+05 2.497699999999999940e-15 7.824339999999999459e-17
8.907290000000000000e+05 1.676910000000000067e-15 6.390089999999999869e-17
1.000000000000000000e+06 1.374022452678699026e-15 0.000000000000000000e+00
2.000000000000000000e+06 4.166323129503223377e-16 0.000000000000000000e+00
3.000000000000000000e+06 2.073010341647429527e-16 0.000000000000000000e+00
