34.171 1.01001e-05 4.33055e-09
44.3332 4.68237e-06 1.33067e-09
57.5177 2.19183e-06 1.00797e-09
74.6231 9.8206e-07 5.05721e-10
96.8155 4.11113e-07 3.08759e-10
125.608 2.25183e-07 1.77939e-10
162.963 1.46569e-07 1.31784e-10
211.427 7.68175e-08 7.37058e-11
274.305 3.8164e-08 4.87863e-11
355.881 1.95953e-08 2.72635e-11
461.718 9.42873e-09 1.79778e-11
599.03 5.46951e-09 1.11597e-11
777.179 3.4589e-09 8.94222e-12
1008.31 1.53971e-09 4.52739e-12
1308.17 6.9955e-10 3.26806e-12
1697.21 3.10079e-10 1.62462e-12
2201.96 1.49599e-10 1.15187e-12
2856.81 9.64648e-11 7.85674e-13
3706.4 5.52468e-11 5.26727e-13
4808.67 3.42959e-11 3.33232e-13
6238.74 2.35722e-11 2.33257e-13
8094.1 1.70359e-11 1.69403e-13
10501.2 1.16501e-11 1.18272e-13
13624.2 7.4418e-12 7.72386e-14
17676 4.38258e-12 5.20072e-14
22932.8 2.48334e-12 3.0465e-14
29752.8 1.54494e-12 2.15641e-14
38601.2 1.03046e-12 1.47716e-14
50080.9 7.48196e-13 1.17473e-14
64974.7 4.28774e-13 7.0362e-15
84297.8 2.21343e-13 4.48426e-15
109367 1.42743e-13 3.04217e-15
141893 8.09643e-14 2.08507e-15
184091 4.49409e-14 1.20105e-15
238838 3.10241e-14 9.37618e-16
309868 1.98364e-14 6.14892e-16
402020 1.2579e-14 4.25036e-16
521579 7.49444e-15 2.56654e-16
676694 4.05563e-15 1.42836e-16
877938 2.2341e-15 1.27138e-16
