3.368030000000000257e+01 6.565090000000000191e-06 4.783570000000000264e-09
4.245060000000000144e+01 3.600829999999999878e-06 1.574230000000000053e-09
5.350469999999999970e+01 2.031950000000000086e-06 1.361719999999999926e-09
6.743739999999999668e+01 9.425889999999999974e-07 6.763090000000000062e-10
8.499809999999999377e+01 3.588310000000000187e-07 4.238180000000000248e-10
1.071320000000000050e+02 2.260039999999999901e-07 2.090379999999999920e-10
1.350289999999999964e+02 1.388209999999999961e-07 1.793249999999999985e-10
1.701899999999999977e+02 8.746719999999999591e-08 8.845650000000000623e-11
2.145080000000000098e+02 5.541529999999999991e-08 8.029130000000000221e-11
2.703650000000000091e+02 3.039830000000000162e-08 3.575280000000000009e-11
3.407690000000000055e+02 1.727789999999999883e-08 2.600179999999999933e-11
4.295049999999999955e+02 1.007340000000000039e-08 1.467909999999999871e-11
5.413479999999999563e+02 6.210370000000000341e-09 1.084049999999999930e-11
6.823150000000000546e+02 4.739449999999999800e-09 8.259320000000000798e-12
8.599900000000000091e+02 2.997649999999999880e-09 5.820059999999999739e-12
1.083930000000000064e+03 1.535189999999999948e-09 3.937539999999999800e-12
1.366190000000000055e+03 8.213830000000000369e-10 2.198909999999999967e-12
1.721940000000000055e+03 4.344199999999999846e-10 1.671310000000000075e-12
2.170340000000000146e+03 2.380790000000000109e-10 8.711630000000000110e-13
2.735489999999999782e+03 1.294660000000000108e-10 7.153520000000000199e-13
3.447809999999999945e+03 7.884330000000000111e-11 3.660409999999999950e-13
4.345619999999999891e+03 4.606819999999999711e-11 3.255739999999999817e-13
5.477229999999999563e+03 3.496059999999999868e-11 1.813909999999999942e-13
6.903500000000000000e+03 2.598549999999999908e-11 1.892880000000000008e-13
8.701170000000000073e+03 1.717559999999999883e-11 9.874909999999999370e-14
1.096700000000000000e+04 1.152099999999999988e-11 8.966610000000000604e-14
1.382270000000000073e+04 7.040700000000000080e-12 4.504299999999999927e-14
1.742220000000000073e+04 4.295949999999999683e-12 3.969179999999999704e-14
2.195890000000000146e+04 2.951470000000000145e-12 2.142249999999999972e-14
2.767700000000000000e+04 2.007400000000000110e-12 1.803969999999999847e-14
3.488409999999999854e+04 1.335360000000000078e-12 1.257170000000000034e-14
4.396800000000000000e+04 8.524359999999999636e-13 7.618879999999999667e-15
5.541719999999999709e+04 5.775660000000000454e-13 7.485450000000000179e-15
6.984789999999999418e+04 2.775920000000000252e-13 3.243140000000000078e-15
8.803630000000000291e+04 1.392050000000000112e-13 2.533429999999999832e-15
1.109610000000000000e+05 8.102549999999999892e-14 1.400349999999999967e-15
1.398550000000000000e+05 4.978470000000000293e-14 8.503970000000000210e-16
1.762730000000000000e+05 2.999669999999999930e-14 6.906240000000000377e-16
2.221750000000000000e+05 1.925900000000000154e-14 4.265790000000000041e-16
2.800290000000000000e+05 1.259509999999999989e-14 2.360730000000000103e-16
3.529490000000000000e+05 8.209210000000000722e-15 1.506889999999999968e-16
4.448570000000000000e+05 5.353899999999999690e-15 1.132589999999999980e-16
5.606980000000000000e+05 3.491320000000000099e-15 9.124370000000000391e-17
7.067040000000000000e+05 2.276770000000000115e-15 7.354469999999999971e-17
8.907290000000000000e+05 1.484719999999999994e-15 5.805229999999999423e-17
1.000000000000000000e+06 1.198965106313965308e-15 0.000000000000000000e+00
2.000000000000000000e+06 3.331927784606316591e-16 0.000000000000000000e+00
3.000000000000000000e+06 1.575402462319063876e-16 0.000000000000000000e+00
