3.368030000000000257e+01 2.325240000000000035e-06 2.629129999999999998e-09
4.245060000000000144e+01 1.098380000000000019e-06 7.468360000000000461e-10
5.350469999999999970e+01 5.137330000000000117e-07 5.657250000000000291e-10
6.743739999999999668e+01 2.579259999999999764e-07 2.881199999999999832e-10
8.499809999999999377e+01 1.279449999999999985e-07 2.082179999999999886e-10
1.071320000000000050e+02 8.912549999999999958e-08 1.054190000000000006e-10
1.350289999999999964e+02 6.319339999999999728e-08 9.211219999999999600e-11
1.701899999999999977e+02 3.843440000000000037e-08 4.288719999999999925e-11
2.145080000000000098e+02 2.389760000000000152e-08 3.756520000000000072e-11
2.703650000000000091e+02 1.419390000000000079e-08 1.654859999999999999e-11
3.407690000000000055e+02 8.481210000000000742e-09 1.214299999999999945e-11
4.295049999999999955e+02 4.997159999999999730e-09 6.873390000000000058e-12
5.413479999999999563e+02 2.918580000000000069e-09 4.853079999999999754e-12
6.823150000000000546e+02 1.646530000000000103e-09 3.158200000000000013e-12
8.599900000000000091e+02 9.419639999999999537e-10 2.027980000000000008e-12
1.083930000000000064e+03 5.471740000000000173e-10 1.461739999999999989e-12
1.366190000000000055e+03 3.072150000000000088e-10 8.394150000000000134e-13
1.721940000000000055e+03 1.668259999999999986e-10 6.240709999999999568e-13
2.170340000000000146e+03 9.784270000000000273e-11 3.367119999999999793e-13
2.735489999999999782e+03 5.877579999999999518e-11 2.877730000000000098e-13
3.447809999999999945e+03 3.484179999999999801e-11 1.437100000000000006e-13
4.345619999999999891e+03 2.053599999999999893e-11 1.293669999999999929e-13
5.477229999999999563e+03 1.262139999999999951e-11 6.473909999999999523e-14
6.903500000000000000e+03 7.745359999999999220e-12 6.049079999999999757e-14
8.701170000000000073e+03 4.568360000000000135e-12 3.115129999999999798e-14
1.096700000000000000e+04 2.712279999999999829e-12 2.613870000000000011e-14
1.382270000000000073e+04 1.584279999999999990e-12 1.329869999999999973e-14
1.742220000000000073e+04 9.326280000000000929e-13 1.169680000000000027e-14
2.195890000000000146e+04 5.317720000000000084e-13 5.706560000000000179e-15
2.767700000000000000e+04 3.048669999999999772e-13 4.580790000000000031e-15
3.488409999999999854e+04 1.731149999999999899e-13 2.795170000000000019e-15
4.396800000000000000e+04 9.697090000000000436e-14 1.708580000000000047e-15
5.541719999999999709e+04 5.539759999999999914e-14 1.480190000000000096e-15
6.984789999999999418e+04 2.816480000000000044e-14 7.076969999999999899e-16
8.803630000000000291e+04 1.473400000000000000e-14 5.917899999999999980e-16
1.109610000000000000e+05 7.355660000000000095e-15 2.953510000000000241e-16
1.398550000000000000e+05 3.645419999999999980e-15 1.777500000000000040e-16
1.762730000000000000e+05 1.757520000000000010e-15 1.244920000000000121e-16
2.221750000000000000e+05 1.037189999999999998e-15 7.147720000000000359e-17
2.800290000000000000e+05 6.500710000000000471e-16 4.034010000000000000e-17
3.529490000000000000e+05 4.028879999999999904e-16 2.702980000000000080e-17
4.448570000000000000e+05 2.502159999999999819e-16 2.048100000000000064e-17
5.606980000000000000e+05 1.553379999999999911e-16 1.587749999999999891e-17
7.067040000000000000e+05 9.644290000000000318e-17 1.210100000000000055e-17
8.907290000000000000e+05 5.987670000000000126e-17 8.999129999999999354e-18
1.000000000000000000e+06 4.717923110945430996e-17 0.000000000000000000e+00
2.000000000000000000e+06 1.131700196846500772e-17 0.000000000000000000e+00
3.000000000000000000e+06 4.909567702549235783e-18 0.000000000000000000e+00
