34.171 2.62756e-06 4.21895e-09
44.3332 1.27954e-06 1.31042e-09
57.5177 6.21692e-07 8.32513e-10
74.6231 3.03251e-07 4.30814e-10
96.8155 1.49941e-07 2.62896e-10
125.608 8.49574e-08 1.55072e-10
162.963 5.08883e-08 1.05965e-10
211.427 2.79976e-08 6.15426e-11
274.305 1.52976e-08 4.27079e-11
355.881 8.19381e-09 2.46754e-11
461.718 4.28542e-09 1.73038e-11
599.03 2.25272e-09 9.8807e-12
777.179 1.16173e-09 6.91938e-12
1008.31 6.09123e-10 3.92551e-12
1308.17 3.2718e-10 2.80973e-12
1697.21 1.57996e-10 1.47265e-12
2201.96 8.0191e-11 1.01336e-12
2856.81 4.61321e-11 6.13554e-13
3706.4 2.70027e-11 4.19788e-13
4808.67 1.56711e-11 2.50815e-13
6238.74 9.66147e-12 1.69328e-13
8094.1 6.38489e-12 1.14883e-13
10501.2 3.72588e-12 7.50204e-14
13624.2 2.19537e-12 4.60086e-14
17676 1.26634e-12 3.17297e-14
22932.8 6.78488e-13 1.79785e-14
29752.8 3.90253e-13 1.29909e-14
38601.2 2.12132e-13 7.71057e-15
50080.9 9.84889e-14 5.04099e-15
64974.7 4.79994e-14 2.68261e-15
84297.8 2.80372e-14 2.14537e-15
109367 1.40415e-14 1.22666e-15
141893 5.25709e-15 7.26786e-16
184091 2.4224e-15 3.65351e-16
238838 1.62151e-15 3.2569e-16
309868 7.80224e-16 1.73723e-16
402020 2.43383e-16 7.91832e-17
521579 1.4148e-16 4.61852e-17
676694 1.40144e-16 3.31716e-17
877938 1.27312e-16 4.68739e-17
