3.368030000000000257e+01 1.009459999999999988e-05 4.954880000000000161e-09
4.245060000000000144e+01 5.035879999999999801e-06 1.486569999999999965e-09
5.350469999999999970e+01 2.608059999999999810e-06 1.249219999999999952e-09
6.743739999999999668e+01 1.033050000000000003e-06 5.770900000000000203e-10
8.499809999999999377e+01 3.137690000000000087e-07 3.265060000000000097e-10
1.071320000000000050e+02 1.967609999999999975e-07 1.669360000000000117e-10
1.350289999999999964e+02 1.216530000000000108e-07 1.516149999999999981e-10
1.701899999999999977e+02 6.654239999999999636e-08 7.293209999999999778e-11
2.145080000000000098e+02 3.680640000000000062e-08 6.193959999999999671e-11
2.703650000000000091e+02 2.212860000000000070e-08 3.078519999999999932e-11
3.407690000000000055e+02 1.309579999999999938e-08 2.349960000000000137e-11
4.295049999999999955e+02 7.749459999999999831e-09 1.383349999999999997e-11
5.413479999999999563e+02 4.631270000000000283e-09 1.003580000000000051e-11
6.823150000000000546e+02 2.883510000000000106e-09 6.955249999999999873e-12
8.599900000000000091e+02 1.686039999999999898e-09 4.578439999999999624e-12
1.083930000000000064e+03 9.082450000000000002e-10 3.187340000000000028e-12
1.366190000000000055e+03 5.080740000000000179e-10 1.828840000000000112e-12
1.721940000000000055e+03 2.859569999999999877e-10 1.410680000000000003e-12
2.170340000000000146e+03 1.665740000000000081e-10 7.620749999999999612e-13
2.735489999999999782e+03 9.815889999999999849e-11 6.492899999999999526e-13
3.447809999999999945e+03 5.793189999999999875e-11 3.267160000000000086e-13
4.345619999999999891e+03 3.373900000000000235e-11 2.941640000000000176e-13
5.477229999999999563e+03 2.145670000000000085e-11 1.498769999999999984e-13
6.903500000000000000e+03 1.357219999999999987e-11 1.427910000000000123e-13
8.701170000000000073e+03 8.069420000000000567e-12 7.262860000000000165e-14
1.096700000000000000e+04 4.852450000000000392e-12 6.123410000000000158e-14
1.382270000000000073e+04 2.904160000000000017e-12 3.119429999999999967e-14
1.742220000000000073e+04 1.736070000000000094e-12 2.750809999999999905e-14
2.195890000000000146e+04 1.051899999999999991e-12 1.364390000000000069e-14
2.767700000000000000e+04 6.302410000000000203e-13 1.080809999999999985e-14
3.488409999999999854e+04 4.018789999999999782e-13 7.228770000000000118e-15
4.396800000000000000e+04 2.758669999999999998e-13 4.506239999999999639e-15
5.541719999999999709e+04 1.888979999999999894e-13 4.393530000000000219e-15
6.984789999999999418e+04 1.209989999999999926e-13 2.140199999999999949e-15
8.803630000000000291e+04 7.648080000000000062e-14 1.807179999999999913e-15
1.109610000000000000e+05 5.668320000000000252e-14 1.234560000000000087e-15
1.398550000000000000e+05 4.385879999999999710e-14 8.046319999999999568e-16
1.762730000000000000e+05 3.555110000000000136e-14 7.958560000000000090e-16
2.221750000000000000e+05 2.067800000000000034e-14 4.532869999999999639e-16
2.800290000000000000e+05 1.087100000000000014e-14 2.311060000000000027e-16
3.529490000000000000e+05 5.828310000000000234e-15 1.459410000000000033e-16
4.448570000000000000e+05 3.112819999999999964e-15 9.871709999999999682e-17
5.606980000000000000e+05 1.663750000000000066e-15 6.630219999999999838e-17
7.067040000000000000e+05 8.891219999999999748e-16 4.332250000000000040e-17
8.907290000000000000e+05 4.751660000000000183e-16 2.755889999999999901e-17
1.000000000000000000e+06 3.473652034030437271e-16 0.000000000000000000e+00
2.000000000000000000e+06 5.318340413620679892e-17 0.000000000000000000e+00
3.000000000000000000e+06 1.774294634062984965e-17 0.000000000000000000e+00
