34.171 8.24533e-06 3.35917e-09
44.3332 4.48716e-06 1.16447e-09
57.5177 2.49146e-06 8.3734e-10
74.6231 1.20662e-06 4.40309e-10
96.8155 5.11084e-07 2.55142e-10
125.608 2.66335e-07 1.42556e-10
162.963 1.52324e-07 1.04278e-10
211.427 8.1707e-08 6.03451e-11
274.305 4.50395e-08 4.4537e-11
355.881 2.46324e-08 2.64067e-11
461.718 1.32601e-08 1.91628e-11
599.03 7.41782e-09 1.15226e-11
777.179 4.34037e-09 8.75616e-12
1008.31 2.26342e-09 5.0237e-12
1308.17 1.05527e-09 3.35716e-12
1697.21 5.15526e-10 1.79871e-12
2201.96 2.81685e-10 1.36264e-12
2856.81 1.43364e-10 7.59641e-13
3706.4 6.99571e-11 5.15261e-13
4808.67 3.96228e-11 3.07789e-13
6238.74 2.41652e-11 2.20037e-13
8094.1 1.58268e-11 1.49127e-13
10501.2 9.56093e-12 1.01721e-13
13624.2 5.63259e-12 6.27393e-14
17676 3.13466e-12 4.28266e-14
22932.8 1.62967e-12 2.33068e-14
29752.8 9.93593e-13 1.67724e-14
38601.2 6.58853e-13 1.15288e-14
50080.9 4.00299e-13 7.9624e-15
64974.7 2.42657e-13 4.93044e-15
84297.8 1.7107e-13 3.67251e-15
109367 1.31703e-13 2.85847e-15
141893 9.33796e-14 2.09744e-15
184091 6.13594e-14 1.40325e-15
238838 4.50762e-14 1.13812e-15
309868 2.6485e-14 7.11346e-16
402020 1.27269e-14 4.54951e-16
521579 6.04408e-15 2.31548e-16
676694 2.66782e-15 1.31495e-16
877938 1.19467e-15 9.63835e-17
