3.368030000000000257e+01 3.353379999999999816e-06 6.257560000000000051e-09
4.245060000000000144e+01 1.475500000000000103e-06 1.664569999999999971e-09
5.350469999999999970e+01 6.442310000000000200e-07 1.313300000000000004e-09
6.743739999999999668e+01 2.977309999999999811e-07 6.470930000000000111e-10
8.499809999999999377e+01 1.308349999999999933e-07 4.594969999999999902e-10
1.071320000000000050e+02 9.766780000000000057e-08 2.411439999999999895e-10
1.350289999999999964e+02 7.566699999999999854e-08 2.128310000000000119e-10
1.701899999999999977e+02 4.358840000000000139e-08 9.349250000000000052e-11
2.145080000000000098e+02 2.622120000000000123e-08 7.901340000000000500e-11
2.703650000000000091e+02 1.431220000000000027e-08 3.354479999999999980e-11
3.407690000000000055e+02 8.021819999999999499e-09 2.361539999999999891e-11
4.295049999999999955e+02 4.683049999999999870e-09 1.314659999999999974e-11
5.413479999999999563e+02 2.744310000000000008e-09 9.247750000000000455e-12
6.823150000000000546e+02 1.687410000000000070e-09 6.130609999999999865e-12
8.599900000000000091e+02 9.687210000000000507e-10 3.957620000000000256e-12
1.083930000000000064e+03 5.120679999999999527e-10 2.743900000000000051e-12
1.366190000000000055e+03 2.732200000000000140e-10 1.538390000000000072e-12
1.721940000000000055e+03 1.403389999999999948e-10 1.157469999999999914e-12
2.170340000000000146e+03 8.672129999999999965e-11 6.428320000000000421e-13
2.735489999999999782e+03 5.730100000000000070e-11 5.710279999999999979e-13
3.447809999999999945e+03 3.564149999999999914e-11 2.863389999999999980e-13
4.345619999999999891e+03 2.220520000000000155e-11 2.591380000000000011e-13
5.477229999999999563e+03 1.385120000000000059e-11 1.283800000000000043e-13
6.903500000000000000e+03 8.645110000000000106e-12 1.199580000000000075e-13
8.701170000000000073e+03 5.358750000000000365e-12 6.208650000000000257e-14
1.096700000000000000e+04 3.308730000000000180e-12 5.326050000000000313e-14
1.382270000000000073e+04 1.890980000000000087e-12 2.658819999999999923e-14
1.742220000000000073e+04 1.099789999999999901e-12 2.313950000000000139e-14
2.195890000000000146e+04 6.257180000000000405e-13 1.132379999999999992e-14
2.767700000000000000e+04 3.561270000000000031e-13 9.078989999999999642e-15
3.488409999999999854e+04 2.061580000000000087e-13 5.614359999999999982e-15
4.396800000000000000e+04 1.218009999999999926e-13 3.442569999999999850e-15
5.541719999999999709e+04 7.203229999999999943e-14 3.043630000000000116e-15
6.984789999999999418e+04 4.127990000000000089e-14 1.463330000000000055e-15
8.803630000000000291e+04 2.384760000000000041e-14 1.248670000000000034e-15
1.109610000000000000e+05 1.356370000000000068e-14 6.744100000000000468e-16
1.398550000000000000e+05 7.702230000000000518e-15 3.812409999999999761e-16
1.762730000000000000e+05 4.304979999999999993e-15 2.881900000000000050e-16
2.221750000000000000e+05 2.680530000000000191e-15 1.729100000000000082e-16
2.800290000000000000e+05 1.724450000000000046e-15 9.516939999999999836e-17
3.529490000000000000e+05 1.102720000000000098e-15 6.079900000000000443e-17
4.448570000000000000e+05 7.059300000000000147e-16 4.544099999999999725e-17
5.606980000000000000e+05 4.518229999999999662e-16 3.602310000000000055e-17
7.067040000000000000e+05 2.891959999999999763e-16 2.845180000000000140e-17
8.907290000000000000e+05 1.851029999999999926e-16 2.198839999999999926e-17
1.000000000000000000e+06 1.480891703846130618e-16 0.000000000000000000e+00
2.000000000000000000e+06 3.891701405829067596e-17 0.000000000000000000e+00
3.000000000000000000e+06 1.780888619879657343e-17 0.000000000000000000e+00
