3.368030000000000257e+01 1.060250000000000056e-05 3.987469999999999673e-09
4.245060000000000144e+01 5.950169999999999818e-06 1.340400000000000045e-09
5.350469999999999970e+01 3.461330000000000197e-06 1.141450000000000024e-09
6.743739999999999668e+01 1.574130000000000080e-06 5.597960000000000385e-10
8.499809999999999377e+01 5.695639999999999774e-07 3.389080000000000047e-10
1.071320000000000050e+02 3.447609999999999993e-07 1.685870000000000094e-10
1.350289999999999964e+02 2.045319999999999947e-07 1.483340000000000019e-10
1.701899999999999977e+02 1.184209999999999988e-07 7.354970000000000193e-11
2.145080000000000098e+02 6.861630000000000013e-08 6.454909999999999685e-11
2.703650000000000091e+02 4.121670000000000140e-08 3.229240000000000162e-11
3.407690000000000055e+02 2.450680000000000144e-08 2.486499999999999957e-11
4.295049999999999955e+02 1.420339999999999998e-08 1.478850000000000146e-11
5.413479999999999563e+02 8.429749999999999764e-09 1.073419999999999924e-11
6.823150000000000546e+02 5.375330000000000296e-09 7.765849999999999671e-12
8.599900000000000091e+02 3.121870000000000098e-09 5.125280000000000149e-12
1.083930000000000064e+03 1.612639999999999924e-09 3.553120000000000111e-12
1.366190000000000055e+03 8.738519999999999515e-10 2.007920000000000193e-12
1.721940000000000055e+03 4.783860000000000063e-10 1.572199999999999905e-12
2.170340000000000146e+03 2.656150000000000180e-10 8.343849999999999833e-13
2.735489999999999782e+03 1.495190000000000086e-10 7.153770000000000122e-13
3.447809999999999945e+03 7.993800000000000613e-11 3.504319999999999956e-13
4.345619999999999891e+03 4.170310000000000150e-11 3.009210000000000160e-13
5.477229999999999563e+03 2.568219999999999895e-11 1.552560000000000000e-13
6.903500000000000000e+03 1.548830000000000056e-11 1.451059999999999877e-13
8.701170000000000073e+03 9.094600000000000446e-12 7.441749999999999567e-14
1.096700000000000000e+04 5.372000000000000132e-12 6.211099999999999656e-14
1.382270000000000073e+04 3.221240000000000116e-12 3.185860000000000220e-14
1.742220000000000073e+04 1.913410000000000023e-12 2.799469999999999872e-14
2.195890000000000146e+04 1.187850000000000033e-12 1.410189999999999984e-14
2.767700000000000000e+04 7.269940000000000020e-13 1.126470000000000021e-14
3.488409999999999854e+04 4.711139999999999856e-13 7.642389999999999925e-15
4.396800000000000000e+04 3.268279999999999883e-13 4.766830000000000191e-15
5.541719999999999709e+04 2.246329999999999881e-13 4.644459999999999743e-15
6.984789999999999418e+04 1.518280000000000019e-13 2.312730000000000013e-15
8.803630000000000291e+04 9.912849999999999509e-14 1.933030000000000174e-15
1.109610000000000000e+05 8.180440000000000532e-14 1.454219999999999992e-15
1.398550000000000000e+05 7.206130000000000365e-14 9.966800000000000553e-16
1.762730000000000000e+05 6.717570000000000173e-14 1.052330000000000082e-15
2.221750000000000000e+05 4.203290000000000031e-14 6.370849999999999777e-16
2.800290000000000000e+05 2.323639999999999869e-14 3.246900000000000064e-16
3.529490000000000000e+05 1.315200000000000072e-14 2.047909999999999883e-16
4.448570000000000000e+05 7.410500000000000016e-15 1.428030000000000004e-16
5.606980000000000000e+05 4.179080000000000057e-15 1.008109999999999977e-16
7.067040000000000000e+05 2.356359999999999895e-15 6.966850000000000488e-17
8.907290000000000000e+05 1.328669999999999954e-15 4.693940000000000154e-17
1.000000000000000000e+06 9.977090599286068719e-16 0.000000000000000000e+00
2.000000000000000000e+06 1.793716014177962133e-16 0.000000000000000000e+00
3.000000000000000000e+06 6.573705547347649407e-17 0.000000000000000000e+00
