3.368030000000000257e+01 1.956160000000000173e-06 4.758290000000000119e-09
4.245060000000000144e+01 9.863940000000000379e-07 1.438089999999999942e-09
5.350469999999999970e+01 4.947170000000000485e-07 1.074329999999999949e-09
6.743739999999999668e+01 2.576659999999999992e-07 5.572170000000000415e-10
8.499809999999999377e+01 1.313180000000000116e-07 3.967499999999999999e-10
1.071320000000000050e+02 8.796509999999999933e-08 1.972319999999999916e-10
1.350289999999999964e+02 5.931119999999999842e-08 1.707669999999999956e-10
1.701899999999999977e+02 3.687489999999999888e-08 8.237499999999999988e-11
2.145080000000000098e+02 2.320519999999999923e-08 7.376970000000000221e-11
2.703650000000000091e+02 1.413580000000000075e-08 3.374899999999999766e-11
3.407690000000000055e+02 8.607420000000000454e-09 2.541040000000000086e-11
4.295049999999999955e+02 5.045819999999999849e-09 1.454099999999999953e-11
5.413479999999999563e+02 2.947080000000000126e-09 1.030420000000000046e-11
6.823150000000000546e+02 1.665230000000000049e-09 6.735549999999999911e-12
8.599900000000000091e+02 9.508260000000000830e-10 4.312909999999999643e-12
1.083930000000000064e+03 5.464239999999999941e-10 3.052760000000000010e-12
1.366190000000000055e+03 3.108639999999999824e-10 1.753150000000000057e-12
1.721940000000000055e+03 1.744240000000000121e-10 1.291530000000000051e-12
2.170340000000000146e+03 1.026519999999999936e-10 6.923340000000000265e-13
2.735489999999999782e+03 6.146529999999999660e-11 5.793830000000000163e-13
3.447809999999999945e+03 3.611739999999999876e-11 2.877090000000000214e-13
4.345619999999999891e+03 2.098390000000000069e-11 2.561840000000000118e-13
5.477229999999999563e+03 1.315760000000000040e-11 1.286990000000000002e-13
6.903500000000000000e+03 8.220129999999999225e-12 1.211080000000000076e-13
8.701170000000000073e+03 4.819590000000000065e-12 6.119309999999999954e-14
1.096700000000000000e+04 2.862000000000000124e-12 5.110749999999999831e-14
1.382270000000000073e+04 1.704760000000000099e-12 2.642169999999999939e-14
1.742220000000000073e+04 1.027130000000000087e-12 2.374009999999999936e-14
2.195890000000000146e+04 5.713480000000000410e-13 1.152919999999999967e-14
2.767700000000000000e+04 3.227220000000000056e-13 9.326819999999999569e-15
3.488409999999999854e+04 1.758899999999999957e-13 5.529349999999999810e-15
4.396800000000000000e+04 9.208989999999999467e-14 3.399809999999999920e-15
5.541719999999999709e+04 4.861820000000000104e-14 2.771040000000000157e-15
6.984789999999999418e+04 2.554249999999999883e-14 1.393869999999999909e-15
8.803630000000000291e+04 1.360340000000000013e-14 1.198490000000000075e-15
1.109610000000000000e+05 6.632669999999999760e-15 6.163260000000000283e-16
1.398550000000000000e+05 3.116270000000000050e-15 4.039759999999999896e-16
1.762730000000000000e+05 1.581400000000000019e-15 3.075050000000000043e-16
2.221750000000000000e+05 4.780710000000000133e-16 1.544530000000000024e-16
2.800290000000000000e+05 1.265010000000000020e-16 8.447200000000000473e-17
3.529490000000000000e+05 3.454230000000000147e-17 3.612579999999999924e-17
4.448570000000000000e+05 9.361800000000000521e-18 1.339770000000000075e-17
5.606980000000000000e+05 2.541799999999999833e-18 4.623460000000000357e-18
7.067040000000000000e+05 6.898230000000000194e-19 1.523189999999999982e-18
8.907290000000000000e+05 1.872309999999999881e-19 4.864050000000000322e-19
1.000000000000000000e+06 9.754289073102944147e-20 0.000000000000000000e+00
2.000000000000000000e+06 1.962909616428919769e-21 0.000000000000000000e+00
3.000000000000000000e+06 1.998164094285006321e-22 0.000000000000000000e+00
