34.171 7.82013e-06 1.68561e-09
44.3332 3.9326e-06 5.471e-10
57.5177 2.00666e-06 3.9452e-10
74.6231 9.27624e-07 2.02569e-10
96.8155 3.82245e-07 1.21272e-10
125.608 1.98574e-07 6.76623e-11
162.963 1.18803e-07 5.13379e-11
211.427 6.29482e-08 2.94708e-11
274.305 3.21948e-08 2.05691e-11
355.881 1.72419e-08 1.1929e-11
461.718 9.41749e-09 8.70046e-12
599.03 5.1436e-09 5.14487e-12
777.179 2.84932e-09 3.82427e-12
1008.31 1.41869e-09 2.11e-12
1308.17 6.71703e-10 1.45561e-12
1697.21 3.38075e-10 8.12237e-13
2201.96 1.67128e-10 5.76462e-13
2856.81 8.57032e-11 3.21416e-13
3706.4 4.39348e-11 2.20914e-13
4808.67 2.45715e-11 1.28048e-13
6238.74 1.64827e-11 9.16678e-14
8094.1 1.20089e-11 6.78236e-14
10501.2 7.60654e-12 4.55533e-14
13624.2 4.58612e-12 2.84456e-14
17676 2.58135e-12 1.92062e-14
22932.8 1.3952e-12 1.08517e-14
29752.8 8.30346e-13 7.64158e-15
38601.2 5.30817e-13 5.08112e-15
50080.9 3.07937e-13 3.41391e-15
64974.7 1.85347e-13 2.09897e-15
84297.8 1.3301e-13 1.5719e-15
109367 1.06261e-13 1.25985e-15
141893 8.79856e-14 1.02754e-15
184091 6.07159e-14 7.19956e-16
238838 4.13593e-14 5.5264e-16
309868 2.3771e-14 3.37353e-16
402020 1.10995e-14 2.06583e-16
521579 5.37431e-15 1.05377e-16
676694 2.56085e-15 5.9722e-17
877938 1.224e-15 4.65438e-17
