34.171 8.79746e-07 2.68576e-09
44.3332 5.89222e-07 1.10936e-09
57.5177 4.0164e-07 6.98658e-10
74.6231 2.44607e-07 4.23197e-10
96.8155 1.32354e-07 2.38648e-10
125.608 7.49933e-08 1.38854e-10
162.963 4.23705e-08 9.07466e-11
211.427 2.15363e-08 4.95915e-11
274.305 1.05244e-08 3.30577e-11
355.881 5.64218e-09 1.91244e-11
461.718 3.09669e-09 1.38164e-11
599.03 1.53517e-09 7.50827e-12
777.179 7.50749e-10 5.18035e-12
1008.31 3.89417e-10 2.93167e-12
1308.17 1.99819e-10 2.05227e-12
1697.21 1.00917e-10 1.12383e-12
2201.96 4.82907e-11 7.21825e-13
2856.81 2.89564e-11 4.43561e-13
3706.4 2.15002e-11 3.22502e-13
4808.67 1.39763e-11 2.10849e-13
6238.74 8.40213e-12 1.34956e-13
8094.1 5.27524e-12 8.69387e-14
10501.2 2.991e-12 5.5968e-14
13624.2 1.72683e-12 3.36958e-14
17676 9.91107e-13 2.31835e-14
22932.8 5.29077e-13 1.30143e-14
29752.8 3.01492e-13 9.05413e-15
38601.2 1.76034e-13 5.66223e-15
50080.9 8.67063e-14 3.67843e-15
64974.7 4.33238e-14 1.98173e-15
84297.8 2.52243e-14 1.52762e-15
109367 1.3222e-14 8.96337e-16
141893 5.85388e-15 5.98258e-16
184091 2.47625e-15 2.98721e-16
238838 9.69379e-16 1.97642e-16
309868 4.33389e-16 9.65592e-17
402020 2.1963e-16 6.48526e-17
521579 1.34976e-16 4.00991e-17
676694 1.01405e-16 2.46818e-17
877938 7.36007e-17 2.83366e-17
