34.171 5.86659e-06 2.50889e-09
44.3332 3.22344e-06 8.71453e-10
57.5177 1.79536e-06 5.92168e-10
74.6231 8.9093e-07 3.14933e-10
96.8155 3.95179e-07 1.84754e-10
125.608 2.08014e-07 1.03872e-10
162.963 1.1928e-07 7.56227e-11
211.427 6.18496e-08 4.26444e-11
274.305 3.10606e-08 2.96356e-11
355.881 1.61674e-08 1.6841e-11
461.718 8.58447e-09 1.22844e-11
599.03 4.64573e-09 7.2528e-12
777.179 2.52258e-09 5.40471e-12
1008.31 1.23382e-09 2.9467e-12
1308.17 5.75588e-10 2.03156e-12
1697.21 2.95727e-10 1.14091e-12
2201.96 1.60931e-10 8.44558e-13
2856.81 8.73782e-11 4.99315e-13
3706.4 4.28975e-11 3.34785e-13
4808.67 2.25803e-11 1.85866e-13
6238.74 1.36967e-11 1.32995e-13
8094.1 8.90416e-12 8.95039e-14
10501.2 5.37567e-12 6.09523e-14
13624.2 3.13303e-12 3.71353e-14
17676 1.73562e-12 2.50546e-14
22932.8 9.32086e-13 1.41248e-14
29752.8 5.44787e-13 9.92347e-15
38601.2 3.30922e-13 6.35763e-15
50080.9 1.75211e-13 4.16589e-15
64974.7 9.68396e-14 2.39785e-15
84297.8 6.63576e-14 1.87596e-15
109367 4.21163e-14 1.24931e-15
141893 2.05795e-14 7.53152e-16
184091 1.16161e-14 4.42834e-16
238838 9.16033e-15 3.99884e-16
309868 5.75442e-15 2.7011e-16
402020 2.86924e-15 1.84444e-16
521579 1.6216e-15 1.06842e-16
676694 9.81147e-16 6.26848e-17
877938 5.86325e-16 6.02545e-17
