3.368030000000000257e+01 2.846510000000000043e-06 3.800730000000000378e-09
4.245060000000000144e+01 1.569859999999999950e-06 1.253830000000000002e-09
5.350469999999999970e+01 8.823160000000000241e-07 9.904040000000000470e-10
6.743739999999999668e+01 4.356379999999999997e-07 5.130310000000000454e-10
8.499809999999999377e+01 1.888280000000000018e-07 3.547069999999999829e-10
1.071320000000000050e+02 1.123660000000000018e-07 1.754309999999999911e-10
1.350289999999999964e+02 6.522790000000000137e-08 1.529559999999999989e-10
1.701899999999999977e+02 4.074999999999999763e-08 7.718630000000000363e-11
2.145080000000000098e+02 2.522650000000000093e-08 6.989219999999999414e-11
2.703650000000000091e+02 1.547549999999999852e-08 3.103349999999999939e-11
3.407690000000000055e+02 9.442959999999999411e-09 2.296370000000000079e-11
4.295049999999999955e+02 5.545769999999999968e-09 1.313270000000000037e-11
5.413479999999999563e+02 3.219119999999999943e-09 9.279000000000000347e-12
6.823150000000000546e+02 1.742449999999999913e-09 6.051990000000000347e-12
8.599900000000000091e+02 1.022039999999999916e-09 3.964069999999999688e-12
1.083930000000000064e+03 6.778810000000000500e-10 3.063400000000000053e-12
1.366190000000000055e+03 3.793950000000000118e-10 1.772409999999999917e-12
1.721940000000000055e+03 1.897220000000000093e-10 1.268489999999999980e-12
2.170340000000000146e+03 1.053770000000000022e-10 6.779400000000000375e-13
2.735489999999999782e+03 6.011809999999999685e-11 5.955229999999999859e-13
3.447809999999999945e+03 3.338439999999999899e-11 2.963420000000000211e-13
4.345619999999999891e+03 1.804280000000000063e-11 2.589750000000000148e-13
5.477229999999999563e+03 1.171029999999999949e-11 1.321690000000000097e-13
6.903500000000000000e+03 7.443859999999999343e-12 1.248719999999999954e-13
8.701170000000000073e+03 4.525530000000000004e-12 6.350450000000000471e-14
1.096700000000000000e+04 2.772590000000000003e-12 5.405439999999999735e-14
1.382270000000000073e+04 1.693149999999999909e-12 2.765950000000000069e-14
1.742220000000000073e+04 1.020519999999999977e-12 2.436639999999999930e-14
2.195890000000000146e+04 6.725299999999999626e-13 1.262180000000000011e-14
2.767700000000000000e+04 4.391070000000000191e-13 1.021330000000000052e-14
3.488409999999999854e+04 2.843859999999999759e-13 6.909869999999999610e-15
4.396800000000000000e+04 1.827050000000000025e-13 4.085819999999999800e-15
5.541719999999999709e+04 1.147659999999999878e-13 3.675459999999999972e-15
6.984789999999999418e+04 8.401049999999999832e-14 1.916930000000000168e-15
8.803630000000000291e+04 5.737440000000000239e-14 1.589760000000000021e-15
1.109610000000000000e+05 5.104019999999999819e-14 1.282999999999999943e-15
1.398550000000000000e+05 4.863330000000000240e-14 9.268069999999999157e-16
1.762730000000000000e+05 5.024029999999999874e-14 1.052350000000000031e-15
2.221750000000000000e+05 3.044610000000000065e-14 6.254370000000000101e-16
2.800290000000000000e+05 1.564320000000000144e-14 3.220750000000000122e-16
3.529490000000000000e+05 8.299029999999999487e-15 2.074790000000000036e-16
4.448570000000000000e+05 4.375239999999999679e-15 1.400999999999999987e-16
5.606980000000000000e+05 2.309459999999999863e-15 9.309450000000000334e-17
7.067040000000000000e+05 1.218749999999999934e-15 5.999989999999999456e-17
8.907290000000000000e+05 6.431860000000000348e-16 3.762309999999999820e-17
1.000000000000000000e+06 4.672469683397645251e-16 0.000000000000000000e+00
2.000000000000000000e+06 6.889330571086239936e-17 0.000000000000000000e+00
3.000000000000000000e+06 2.248314497526872815e-17 0.000000000000000000e+00
