3.368030000000000257e+01 3.275689999999999972e-06 6.023389999999999814e-09
4.245060000000000144e+01 1.519040000000000028e-06 1.680309999999999960e-09
5.350469999999999970e+01 6.995089999999999674e-07 1.263339999999999899e-09
6.743739999999999668e+01 3.388240000000000170e-07 6.243760000000000367e-10
8.499809999999999377e+01 1.588419999999999873e-07 4.325260000000000220e-10
1.071320000000000050e+02 1.103519999999999945e-07 2.177789999999999880e-10
1.350289999999999964e+02 7.804020000000000023e-08 1.886319999999999903e-10
1.701899999999999977e+02 4.668240000000000249e-08 8.703570000000000324e-11
2.145080000000000098e+02 2.854650000000000022e-08 7.542270000000000415e-11
2.703650000000000091e+02 1.718879999999999838e-08 3.521479999999999895e-11
3.407690000000000055e+02 1.032850000000000047e-08 2.657030000000000039e-11
4.295049999999999955e+02 6.023749999999999594e-09 1.523610000000000129e-11
5.413479999999999563e+02 3.517459999999999970e-09 1.079420000000000019e-11
6.823150000000000546e+02 2.019779999999999823e-09 7.049789999999999993e-12
8.599900000000000091e+02 1.179930000000000081e-09 4.589249999999999655e-12
1.083930000000000064e+03 7.067619999999999630e-10 3.290250000000000041e-12
1.366190000000000055e+03 4.096970000000000174e-10 1.920630000000000067e-12
1.721940000000000055e+03 2.315439999999999916e-10 1.422600000000000017e-12
2.170340000000000146e+03 1.365340000000000012e-10 7.682639999999999867e-13
2.735489999999999782e+03 8.133790000000000302e-11 6.472089999999999537e-13
3.447809999999999945e+03 4.880069999999999905e-11 3.265329999999999880e-13
4.345619999999999891e+03 2.905449999999999903e-11 2.963699999999999781e-13
5.477229999999999563e+03 1.821810000000000130e-11 1.504529999999999952e-13
6.903500000000000000e+03 1.145449999999999971e-11 1.434989999999999977e-13
8.701170000000000073e+03 6.585510000000000279e-12 7.324790000000000286e-14
1.096700000000000000e+04 3.849569999999999721e-12 6.088409999999999550e-14
1.382270000000000073e+04 2.226320000000000151e-12 3.101129999999999808e-14
1.742220000000000073e+04 1.299550000000000052e-12 2.720480000000000061e-14
2.195890000000000146e+04 7.222919999999999883e-13 1.309139999999999969e-14
2.767700000000000000e+04 4.030420000000000107e-13 1.036720000000000012e-14
3.488409999999999854e+04 2.282920000000000233e-13 6.306190000000000024e-15
4.396800000000000000e+04 1.313310000000000035e-13 3.912989999999999711e-15
5.541719999999999709e+04 7.705370000000000013e-14 3.470549999999999961e-15
6.984789999999999418e+04 3.880750000000000276e-14 1.636019999999999909e-15
8.803630000000000291e+04 2.009260000000000152e-14 1.350329999999999994e-15
1.109610000000000000e+05 1.047170000000000014e-14 7.013540000000000168e-16
1.398550000000000000e+05 5.483240000000000329e-15 4.416370000000000113e-16
1.762730000000000000e+05 2.871669999999999980e-15 3.350979999999999775e-16
2.221750000000000000e+05 1.492869999999999940e-15 1.875019999999999996e-16
2.800290000000000000e+05 7.743600000000000242e-16 1.296160000000000043e-16
3.529490000000000000e+05 4.018399999999999880e-16 9.583929999999999816e-17
4.448570000000000000e+05 2.085089999999999927e-16 6.671330000000000076e-17
5.606980000000000000e+05 1.081950000000000009e-16 4.387960000000000185e-17
7.067040000000000000e+05 5.614149999999999975e-17 2.768710000000000115e-17
8.907290000000000000e+05 2.913149999999999941e-17 1.695059999999999977e-17
1.000000000000000000e+06 2.098462289974473488e-17 0.000000000000000000e+00
2.000000000000000000e+06 2.941294062170603396e-18 0.000000000000000000e+00
3.000000000000000000e+06 9.318655436952148088e-19 0.000000000000000000e+00
