56.2289 6.14984e-07 1.95438e-09
71.1114 3.72408e-07 7.31677e-10
89.9329 2.24515e-07 4.22726e-10
113.736 1.34567e-07 2.53027e-10
143.839 8.01971e-08 1.55795e-10
181.91 4.73688e-08 9.4308e-11
230.058 2.79075e-08 6.39124e-11
290.949 1.58439e-08 3.84029e-11
367.956 8.68704e-09 2.69651e-11
465.346 4.71094e-09 1.58821e-11
588.512 2.52936e-09 1.17147e-11
744.277 1.30046e-09 6.68091e-12
941.27 6.26596e-10 4.68236e-12
1190.4 3.42749e-10 2.75409e-12
1505.47 2.13221e-10 2.184e-12
1903.94 1.17209e-10 1.29849e-12
2407.87 5.80198e-11 8.7009e-13
3045.17 3.34818e-11 5.30604e-13
3851.16 1.99078e-11 3.772e-13
4870.47 1.2684e-11 2.47964e-13
6159.57 8.35673e-12 1.79189e-13
7789.86 5.23671e-12 1.15874e-13
9851.66 3.14674e-12 8.02699e-14
12459.2 1.91127e-12 5.07799e-14
15756.8 1.152e-12 3.61796e-14
19927.3 6.66738e-13 2.20685e-14
25201.6 3.88757e-13 1.59768e-14
31871.8 2.08827e-13 9.27482e-15
40307.6 1.0111e-13 6.10698e-15
50976 5.74735e-14 3.70713e-15
64468.2 3.95881e-14 3.2122e-15
81531.5 1.93587e-14 1.78986e-15
103111 6.71432e-15 9.9232e-16
130402 3.46736e-15 5.54121e-16
164916 2.488e-15 5.08807e-16
208566 1.4619e-15 3.17424e-16
263768 7.35647e-16 1.99379e-16
333582 4.44108e-16 1.21822e-16
421873 3.10646e-16 7.81281e-17
533533 2.10663e-16 8.48059e-17
