3.368030000000000257e+01 7.702549999999999631e-06 4.019049999999999682e-09
4.245060000000000144e+01 4.100490000000000105e-06 1.283669999999999973e-09
5.350469999999999970e+01 2.265769999999999992e-06 1.085639999999999986e-09
6.743739999999999668e+01 9.648329999999999152e-07 5.216320000000000036e-10
8.499809999999999377e+01 3.165299999999999895e-07 3.062949999999999747e-10
1.071320000000000050e+02 2.076159999999999977e-07 1.614259999999999966e-10
1.350289999999999964e+02 1.350189999999999996e-07 1.515650000000000086e-10
1.701899999999999977e+02 7.691530000000000053e-08 7.415050000000000156e-11
2.145080000000000098e+02 4.463840000000000087e-08 6.527939999999999587e-11
2.703650000000000091e+02 2.521919999999999993e-08 3.063849999999999713e-11
3.407690000000000055e+02 1.437920000000000014e-08 2.259190000000000110e-11
4.295049999999999955e+02 8.376950000000000112e-09 1.336140000000000000e-11
5.413479999999999563e+02 4.892969999999999907e-09 9.545349999999999510e-12
6.823150000000000546e+02 2.954600000000000116e-09 6.696170000000000133e-12
8.599900000000000091e+02 1.672030000000000067e-09 4.326900000000000072e-12
1.083930000000000064e+03 8.699159999999999974e-10 3.054650000000000116e-12
1.366190000000000055e+03 4.634230000000000136e-10 1.708529999999999991e-12
1.721940000000000055e+03 2.439769999999999941e-10 1.308259999999999920e-12
2.170340000000000146e+03 1.394910000000000098e-10 6.996699999999999863e-13
2.735489999999999782e+03 8.285399999999999895e-11 6.086970000000000063e-13
3.447809999999999945e+03 4.550449999999999780e-11 2.942010000000000204e-13
4.345619999999999891e+03 2.458259999999999907e-11 2.531280000000000095e-13
5.477229999999999563e+03 1.492729999999999921e-11 1.270260000000000032e-13
6.903500000000000000e+03 8.880599999999999944e-12 1.161469999999999998e-13
8.701170000000000073e+03 5.459239999999999667e-12 6.007969999999999844e-14
1.096700000000000000e+04 3.332849999999999879e-12 5.108089999999999745e-14
1.382270000000000073e+04 2.026499999999999897e-12 2.604770000000000080e-14
1.742220000000000073e+04 1.217679999999999917e-12 2.288770000000000152e-14
2.195890000000000146e+04 7.944159999999999746e-13 1.191740000000000073e-14
2.767700000000000000e+04 5.118800000000000363e-13 9.766719999999999479e-15
3.488409999999999854e+04 3.354480000000000061e-13 6.696359999999999815e-15
4.396800000000000000e+04 2.245559999999999925e-13 4.096010000000000070e-15
5.541719999999999709e+04 1.474199999999999918e-13 3.839070000000000277e-15
6.984789999999999418e+04 1.069139999999999951e-13 2.001510000000000056e-15
8.803630000000000291e+04 7.342039999999999531e-14 1.694309999999999915e-15
1.109610000000000000e+05 6.348600000000000333e-14 1.328899999999999959e-15
1.398550000000000000e+05 5.833980000000000502e-14 9.189429999999999520e-16
1.762730000000000000e+05 5.732949999999999568e-14 9.834099999999999403e-16
2.221750000000000000e+05 3.591350000000000267e-14 5.928219999999999722e-16
2.800290000000000000e+05 1.955849999999999941e-14 2.911549999999999950e-16
3.529490000000000000e+05 1.094020000000000055e-14 1.764340000000000089e-16
4.448570000000000000e+05 6.087989999999999752e-15 1.199080000000000001e-16
5.606980000000000000e+05 3.391219999999999912e-15 8.342070000000000479e-17
7.067040000000000000e+05 1.888659999999999810e-15 5.702569999999999694e-17
8.907290000000000000e+05 1.051880000000000045e-15 3.803629999999999843e-17
1.000000000000000000e+06 7.850032011619035160e-16 0.000000000000000000e+00
2.000000000000000000e+06 1.360060875665546461e-16 0.000000000000000000e+00
3.000000000000000000e+06 4.877741091595397009e-17 0.000000000000000000e+00
