3.368030000000000257e+01 1.227479999999999977e-06 7.307970000000000356e-09
4.245060000000000144e+01 6.933940000000000480e-07 2.459760000000000200e-09
5.350469999999999970e+01 3.905129999999999976e-07 1.694019999999999905e-09
6.743739999999999668e+01 2.244490000000000003e-07 9.130649999999999897e-10
8.499809999999999377e+01 1.277809999999999979e-07 6.056859999999999700e-10
1.071320000000000050e+02 8.296859999999999823e-08 2.867149999999999762e-10
1.350289999999999964e+02 5.449430000000000113e-08 2.344659999999999842e-10
1.701899999999999977e+02 3.266419999999999811e-08 1.082850000000000040e-10
2.145080000000000098e+02 1.980970000000000036e-08 9.296080000000000431e-11
2.703650000000000091e+02 1.200760000000000060e-08 4.066139999999999878e-11
3.407690000000000055e+02 7.275329999999999939e-09 2.976500000000000010e-11
4.295049999999999955e+02 4.414780000000000341e-09 1.656640000000000017e-11
5.413479999999999563e+02 2.638199999999999844e-09 1.179710000000000029e-11
6.823150000000000546e+02 1.503829999999999965e-09 7.397129999999999198e-12
8.599900000000000091e+02 8.815349999999999963e-10 4.797199999999999794e-12
1.083930000000000064e+03 5.387049999999999507e-10 3.430829999999999832e-12
1.366190000000000055e+03 3.009190000000000235e-10 1.954010000000000072e-12
1.721940000000000055e+03 1.560169999999999949e-10 1.390850000000000076e-12
2.170340000000000146e+03 9.156860000000000627e-11 7.448729999999999503e-13
2.735489999999999782e+03 5.599879999999999924e-11 6.369570000000000293e-13
3.447809999999999945e+03 3.256590000000000202e-11 3.110339999999999750e-13
4.345619999999999891e+03 1.878620000000000087e-11 2.731359999999999986e-13
5.477229999999999563e+03 1.151059999999999984e-11 1.353739999999999945e-13
6.903500000000000000e+03 7.020380000000000021e-12 1.251720000000000042e-13
8.701170000000000073e+03 4.131200000000000007e-12 6.365029999999999537e-14
1.096700000000000000e+04 2.444979999999999948e-12 5.303930000000000024e-14
1.382270000000000073e+04 1.422550000000000032e-12 2.690920000000000110e-14
1.742220000000000073e+04 8.323289999999999767e-13 2.353829999999999990e-14
2.195890000000000146e+04 4.790179999999999689e-13 1.169000000000000023e-14
2.767700000000000000e+04 2.774550000000000027e-13 9.573739999999999250e-15
3.488409999999999854e+04 1.561599999999999879e-13 5.828399999999999808e-15
4.396800000000000000e+04 8.489710000000000132e-14 3.606480000000000180e-15
5.541719999999999709e+04 4.663490000000000054e-14 3.036420000000000143e-15
6.984789999999999418e+04 2.495259999999999924e-14 1.521470000000000049e-15
8.803630000000000291e+04 1.361960000000000067e-14 1.324269999999999921e-15
1.109610000000000000e+05 6.702050000000000110e-15 6.787310000000000040e-16
1.398550000000000000e+05 3.176580000000000038e-15 4.366330000000000093e-16
1.762730000000000000e+05 1.586529999999999967e-15 3.253130000000000069e-16
2.221750000000000000e+05 5.701839999999999976e-16 1.766850000000000055e-16
2.800290000000000000e+05 1.877439999999999895e-16 1.148119999999999958e-16
3.529490000000000000e+05 6.303790000000000567e-17 6.001710000000000399e-17
4.448570000000000000e+05 2.107319999999999970e-17 2.742330000000000106e-17
5.606980000000000000e+05 7.051619999999999769e-18 1.166189999999999955e-17
7.067040000000000000e+05 2.359119999999999893e-18 4.736560000000000163e-18
8.907290000000000000e+05 7.892850000000000145e-19 1.864739999999999909e-18
1.000000000000000000e+06 4.565348432897579433e-19 0.000000000000000000e+00
2.000000000000000000e+06 1.718949752696007771e-20 0.000000000000000000e+00
3.000000000000000000e+06 2.524371693231034898e-21 0.000000000000000000e+00
