34.171 4.32469e-06 2.81365e-09
44.3332 2.19797e-06 9.10217e-10
57.5177 1.12413e-06 5.9958e-10
74.6231 5.37366e-07 3.10132e-10
96.8155 2.41208e-07 1.88214e-10
125.608 1.2438e-07 1.04334e-10
162.963 6.79824e-08 7.40369e-11
211.427 3.50689e-08 4.13941e-11
274.305 1.81874e-08 2.91484e-11
355.881 9.63147e-09 1.66943e-11
461.718 5.1849e-09 1.19542e-11
599.03 2.80699e-09 7.02297e-12
777.179 1.49802e-09 5.08036e-12
1008.31 7.37369e-10 2.76551e-12
1308.17 3.54169e-10 1.91849e-12
1697.21 1.82292e-10 1.07433e-12
2201.96 9.56924e-11 7.57002e-13
2856.81 5.53548e-11 4.62342e-13
3706.4 3.19619e-11 3.186e-13
4808.67 1.84519e-11 1.8925e-13
6238.74 1.17716e-11 1.30149e-13
8094.1 7.96124e-12 8.98492e-14
10501.2 4.90671e-12 6.03666e-14
13624.2 2.89732e-12 3.70638e-14
17676 1.61138e-12 2.48562e-14
22932.8 8.58457e-13 1.3918e-14
29752.8 4.9027e-13 9.65552e-15
38601.2 2.94034e-13 6.12217e-15
50080.9 1.55172e-13 4.0279e-15
64974.7 8.42477e-14 2.29262e-15
84297.8 5.62506e-14 1.80894e-15
109367 3.4001e-14 1.17298e-15
141893 1.56276e-14 7.23643e-16
184091 7.83801e-15 3.86069e-16
238838 5.07397e-15 3.09786e-16
309868 2.85877e-15 1.89198e-16
402020 1.37626e-15 1.25367e-16
521579 7.5891e-16 7.15315e-17
676694 4.59876e-16 4.51918e-17
877938 2.73921e-16 4.35375e-17
