3.368030000000000257e+01 5.220139999999999626e-06 4.136360000000000386e-09
4.245060000000000144e+01 2.574419999999999993e-06 1.228659999999999974e-09
5.350469999999999970e+01 1.308909999999999933e-06 1.048049999999999912e-09
6.743739999999999668e+01 5.348619999999999622e-07 5.112869999999999737e-10
8.499809999999999377e+01 1.723930000000000006e-07 3.149180000000000182e-10
1.071320000000000050e+02 1.138659999999999954e-07 1.665170000000000103e-10
1.350289999999999964e+02 7.464740000000000177e-08 1.568239999999999901e-10
1.701899999999999977e+02 4.260709999999999776e-08 7.548839999999999649e-11
2.145080000000000098e+02 2.471140000000000051e-08 6.573470000000000100e-11
2.703650000000000091e+02 1.474680000000000040e-08 2.973770000000000242e-11
3.407690000000000055e+02 8.724420000000000774e-09 2.185230000000000050e-11
4.295049999999999955e+02 5.068529999999999660e-09 1.236479999999999998e-11
5.413479999999999563e+02 2.945659999999999938e-09 8.717820000000000107e-12
6.823150000000000546e+02 1.707420000000000086e-09 5.870310000000000257e-12
8.599900000000000091e+02 9.607659999999999473e-10 3.750620000000000027e-12
1.083930000000000064e+03 5.166940000000000357e-10 2.659840000000000105e-12
1.366190000000000055e+03 2.833870000000000162e-10 1.514579999999999995e-12
1.721940000000000055e+03 1.549499999999999922e-10 1.172820000000000045e-12
2.170340000000000146e+03 8.930490000000000249e-11 6.313440000000000006e-13
2.735489999999999782e+03 5.210980000000000238e-11 5.388599999999999879e-13
3.447809999999999945e+03 3.125340000000000009e-11 2.716069999999999755e-13
4.345619999999999891e+03 1.856380000000000134e-11 2.457050000000000118e-13
5.477229999999999563e+03 1.177300000000000002e-11 1.229209999999999919e-13
6.903500000000000000e+03 7.416880000000000603e-12 1.153679999999999987e-13
8.701170000000000073e+03 4.567740000000000083e-12 5.903319999999999376e-14
1.096700000000000000e+04 2.818449999999999971e-12 5.046970000000000203e-14
1.382270000000000073e+04 1.691860000000000023e-12 2.545219999999999971e-14
1.742220000000000073e+04 1.006549999999999987e-12 2.216669999999999947e-14
2.195890000000000146e+04 6.561819999999999802e-13 1.137740000000000064e-14
2.767700000000000000e+04 4.220239999999999898e-13 9.094919999999999883e-15
3.488409999999999854e+04 2.761319999999999991e-13 6.203270000000000316e-15
4.396800000000000000e+04 1.841170000000000121e-13 3.706440000000000329e-15
5.541719999999999709e+04 1.219640000000000042e-13 3.475299999999999890e-15
6.984789999999999418e+04 8.245459999999999684e-14 1.744730000000000052e-15
8.803630000000000291e+04 5.386590000000000148e-14 1.475660000000000001e-15
1.109610000000000000e+05 4.267169999999999956e-14 1.071390000000000041e-15
1.398550000000000000e+05 3.554500000000000152e-14 7.248090000000000203e-16
1.762730000000000000e+05 3.146819999999999964e-14 7.587789999999999589e-16
2.221750000000000000e+05 1.833090000000000131e-14 4.327150000000000213e-16
2.800290000000000000e+05 9.396749999999999504e-15 2.163679999999999938e-16
3.529490000000000000e+05 4.938439999999999838e-15 1.346949999999999878e-16
4.448570000000000000e+05 2.582710000000000112e-15 8.940900000000000242e-17
5.606980000000000000e+05 1.352010000000000053e-15 5.883499999999999855e-17
7.067040000000000000e+05 7.076219999999999838e-16 3.764229999999999884e-17
8.907290000000000000e+05 3.703719999999999764e-16 2.344370000000000106e-17
1.000000000000000000e+06 2.679510575541763069e-16 0.000000000000000000e+00
2.000000000000000000e+06 3.854324105708036961e-17 0.000000000000000000e+00
3.000000000000000000e+06 1.239786981502618175e-17 0.000000000000000000e+00
