34.171 7.07259e-06 2.49619e-09
44.3332 3.42164e-06 7.88181e-10
57.5177 1.68234e-06 5.82876e-10
74.6231 7.50203e-07 2.92965e-10
96.8155 2.93688e-07 1.72559e-10
125.608 1.57464e-07 9.79207e-11
162.963 1.05221e-07 7.63032e-11
211.427 5.92813e-08 4.56864e-11
274.305 3.17146e-08 3.17024e-11
355.881 1.6902e-08 1.83425e-11
461.718 8.5213e-09 1.26398e-11
599.03 4.60727e-09 7.35364e-12
777.179 2.69713e-09 5.59507e-12
1008.31 1.47699e-09 3.30213e-12
1308.17 8.34224e-10 2.47513e-12
1697.21 4.04677e-10 1.37979e-12
2201.96 1.51823e-10 8.37103e-13
2856.81 7.14461e-11 4.30488e-13
3706.4 4.06198e-11 3.26897e-13
4808.67 2.4826e-11 2.04399e-13
6238.74 1.84503e-11 1.4702e-13
8094.1 1.53154e-11 1.20876e-13
10501.2 1.07302e-11 8.09714e-14
13624.2 7.12144e-12 5.38615e-14
17676 4.28656e-12 3.44596e-14
22932.8 2.97446e-12 2.38638e-14
29752.8 2.949e-12 2.18456e-14
38601.2 2.22499e-12 1.67711e-14
50080.9 1.13877e-12 1.03007e-14
64974.7 5.75425e-13 5.54521e-15
84297.8 3.14313e-13 3.92861e-15
109367 1.82434e-13 2.43008e-15
141893 1.0009e-13 1.68591e-15
184091 5.76236e-14 1.0154e-15
238838 3.79558e-14 7.76489e-16
309868 2.42201e-14 5.10614e-16
402020 1.50006e-14 3.49867e-16
521579 9.2345e-15 2.16224e-16
676694 5.60141e-15 1.23089e-16
877938 3.40671e-15 1.2008e-16
