34.171 7.87941e-06 3.29982e-09
44.3332 3.84783e-06 1.04297e-09
57.5177 1.90463e-06 7.41715e-10
74.6231 8.46533e-07 3.6994e-10
96.8155 3.38154e-07 2.21059e-10
125.608 1.7715e-07 1.24629e-10
162.963 1.09634e-07 9.80198e-11
211.427 5.80726e-08 5.67135e-11
274.305 2.88675e-08 3.96279e-11
355.881 1.52235e-08 2.27968e-11
461.718 8.37067e-09 1.71049e-11
599.03 4.54247e-09 1.01242e-11
777.179 2.44917e-09 7.49663e-12
1008.31 1.22502e-09 4.19265e-12
1308.17 5.66514e-10 2.89253e-12
1697.21 2.62877e-10 1.47781e-12
2201.96 1.4133e-10 1.10848e-12
2856.81 7.75711e-11 6.55826e-13
3706.4 3.93928e-11 4.33807e-13
4808.67 2.18016e-11 2.4964e-13
6238.74 1.36774e-11 1.73041e-13
8094.1 9.41198e-12 1.21394e-13
10501.2 5.98972e-12 8.20712e-14
13624.2 3.65238e-12 5.16989e-14
17676 2.0699e-12 3.46296e-14
22932.8 1.16167e-12 2.02309e-14
29752.8 7.27609e-13 1.47504e-14
38601.2 4.59112e-13 9.69036e-15
50080.9 2.64172e-13 6.54604e-15
64974.7 1.61577e-13 4.08521e-15
84297.8 1.16447e-13 3.01995e-15
109367 9.3698e-14 2.42779e-15
141893 7.75914e-14 1.94499e-15
184091 5.25677e-14 1.32714e-15
238838 3.68884e-14 1.01195e-15
309868 2.18472e-14 6.31704e-16
402020 9.7931e-15 3.64959e-16
521579 4.76027e-15 1.85291e-16
676694 2.40779e-15 1.06939e-16
877938 1.2086e-15 8.73227e-17
