34.171 1.10937e-05 3.50452e-09
44.3332 5.57754e-06 1.13818e-09
57.5177 2.85528e-06 8.27667e-10
74.6231 1.28823e-06 4.15925e-10
96.8155 5.10646e-07 2.4146e-10
125.608 2.59765e-07 1.32615e-10
162.963 1.51516e-07 1.00233e-10
211.427 8.10156e-08 5.81056e-11
274.305 4.39029e-08 4.28258e-11
355.881 2.3823e-08 2.52993e-11
461.718 1.27874e-08 1.85335e-11
599.03 7.16676e-09 1.11783e-11
777.179 4.22786e-09 8.57897e-12
1008.31 2.21541e-09 4.94565e-12
1308.17 1.03612e-09 3.31362e-12
1697.21 5.07043e-10 1.77832e-12
2201.96 2.76956e-10 1.34657e-12
2856.81 1.41248e-10 7.5193e-13
3706.4 6.92096e-11 5.11396e-13
4808.67 3.92958e-11 3.0605e-13
6238.74 2.40026e-11 2.18513e-13
8094.1 1.57289e-11 1.48172e-13
10501.2 9.49509e-12 1.01131e-13
13624.2 5.59197e-12 6.23959e-14
17676 3.11027e-12 4.26809e-14
22932.8 1.61924e-12 2.32576e-14
29752.8 9.90934e-13 1.67718e-14
38601.2 6.57596e-13 1.15255e-14
50080.9 3.98752e-13 7.90329e-15
64974.7 2.41645e-13 4.89065e-15
84297.8 1.70494e-13 3.64957e-15
109367 1.31306e-13 2.84264e-15
141893 9.31363e-14 2.09059e-15
184091 6.11312e-14 1.39754e-15
238838 4.47231e-14 1.12945e-15
309868 2.63816e-14 7.09447e-16
402020 1.28615e-14 4.6214e-16
521579 6.07446e-15 2.32902e-16
676694 2.62219e-15 1.26673e-16
877938 1.15231e-15 9.10268e-17
