3.368030000000000257e+01 2.391910000000000194e-06 4.117450000000000087e-09
4.245060000000000144e+01 1.159850000000000000e-06 1.198599999999999976e-09
5.350469999999999970e+01 5.585760000000000117e-07 8.971519999999999641e-10
6.743739999999999668e+01 2.824320000000000239e-07 4.561869999999999778e-10
8.499809999999999377e+01 1.398770000000000024e-07 3.229390000000000157e-10
1.071320000000000050e+02 9.446429999999999442e-08 1.603430000000000118e-10
1.350289999999999964e+02 6.478960000000000465e-08 1.387109999999999876e-10
1.701899999999999977e+02 3.856539999999999671e-08 6.389579999999999922e-11
2.145080000000000098e+02 2.337089999999999919e-08 5.499359999999999945e-11
2.703650000000000091e+02 1.416449999999999922e-08 2.442460000000000076e-11
3.407690000000000055e+02 8.537030000000000245e-09 1.796419999999999973e-11
4.295049999999999955e+02 4.983629999999999674e-09 1.008350000000000000e-11
5.413479999999999563e+02 2.904029999999999949e-09 7.099989999999999921e-12
6.823150000000000546e+02 1.650020000000000057e-09 4.617820000000000209e-12
8.599900000000000091e+02 9.497889999999999758e-10 2.977029999999999887e-12
1.083930000000000064e+03 5.559880000000000450e-10 2.144580000000000137e-12
1.366190000000000055e+03 3.145430000000000066e-10 1.238559999999999925e-12
1.721940000000000055e+03 1.721600000000000031e-10 9.241220000000000481e-13
2.170340000000000146e+03 1.016500000000000057e-10 5.010249999999999780e-13
2.735489999999999782e+03 6.183629999999999976e-11 4.321050000000000051e-13
3.447809999999999945e+03 3.573580000000000289e-11 2.140410000000000116e-13
4.345619999999999891e+03 2.045879999999999841e-11 1.904740000000000071e-13
5.477229999999999563e+03 1.251809999999999934e-11 9.571450000000000075e-14
6.903500000000000000e+03 7.615100000000000540e-12 8.914550000000000622e-14
8.701170000000000073e+03 4.481269999999999948e-12 4.614100000000000251e-14
1.096700000000000000e+04 2.649249999999999844e-12 3.866099999999999930e-14
1.382270000000000073e+04 1.526110000000000047e-12 1.961580000000000135e-14
1.742220000000000073e+04 8.855679999999999885e-13 1.710710000000000064e-14
2.195890000000000146e+04 5.052579999999999661e-13 8.395070000000000156e-15
2.767700000000000000e+04 2.906400000000000116e-13 6.802559999999999844e-15
3.488409999999999854e+04 1.606190000000000045e-13 4.073959999999999643e-15
4.396800000000000000e+04 8.461190000000000371e-14 2.477450000000000055e-15
5.541719999999999709e+04 4.508419999999999686e-14 2.030049999999999924e-15
6.984789999999999418e+04 2.363490000000000072e-14 1.022719999999999981e-15
8.803630000000000291e+04 1.267339999999999961e-14 8.871299999999999811e-16
1.109610000000000000e+05 5.930300000000000142e-15 4.371019999999999780e-16
1.398550000000000000e+05 2.673809999999999956e-15 2.739250000000000088e-16
1.762730000000000000e+05 1.191259999999999955e-15 1.829309999999999890e-16
2.221750000000000000e+05 6.102280000000000227e-16 9.960819999999999665e-17
2.800290000000000000e+05 3.256309999999999955e-16 6.846109999999999388e-17
3.529490000000000000e+05 1.723790000000000101e-16 5.098470000000000266e-17
4.448570000000000000e+05 9.139460000000000208e-17 3.615379999999999940e-17
5.606980000000000000e+05 4.844230000000000300e-17 2.427960000000000137e-17
7.067040000000000000e+05 2.567759999999999963e-17 1.565400000000000006e-17
8.907290000000000000e+05 1.361069999999999954e-17 9.794259999999999836e-18
1.000000000000000000e+06 9.909287243019633875e-18 0.000000000000000000e+00
2.000000000000000000e+06 1.480388911293987134e-18 0.000000000000000000e+00
3.000000000000000000e+06 4.868462483709712569e-19 0.000000000000000000e+00
