3.368030000000000257e+01 2.355089999999999842e-06 5.415989999999999616e-09
4.245060000000000144e+01 1.124099999999999961e-06 1.555190000000000086e-09
5.350469999999999970e+01 5.327459999999999981e-07 1.204900000000000047e-09
6.743739999999999668e+01 2.656209999999999934e-07 6.076139999999999658e-10
8.499809999999999377e+01 1.286490000000000027e-07 4.250450000000000041e-10
1.071320000000000050e+02 9.006960000000000338e-08 2.136380000000000071e-10
1.350289999999999964e+02 6.435220000000000366e-08 1.832019999999999894e-10
1.701899999999999977e+02 3.853639999999999692e-08 8.412070000000000607e-11
2.145080000000000098e+02 2.364319999999999958e-08 7.280400000000000522e-11
2.703650000000000091e+02 1.403850000000000027e-08 3.273209999999999701e-11
3.407690000000000055e+02 8.363530000000000379e-09 2.420039999999999935e-11
4.295049999999999955e+02 4.899609999999999793e-09 1.369719999999999943e-11
5.413479999999999563e+02 2.865139999999999889e-09 9.687870000000000805e-12
6.823150000000000546e+02 1.661830000000000040e-09 6.429389999999999931e-12
8.599900000000000091e+02 9.374759999999999171e-10 4.106040000000000142e-12
1.083930000000000064e+03 5.029479999999999883e-10 2.884710000000000135e-12
1.366190000000000055e+03 2.842430000000000182e-10 1.658059999999999904e-12
1.721940000000000055e+03 1.637350000000000038e-10 1.270070000000000060e-12
2.170340000000000146e+03 9.873499999999999560e-11 6.910870000000000218e-13
2.735489999999999782e+03 6.058809999999999626e-11 5.797969999999999982e-13
3.447809999999999945e+03 3.704490000000000021e-11 2.908360000000000140e-13
4.345619999999999891e+03 2.265619999999999953e-11 2.639000000000000165e-13
5.477229999999999563e+03 1.388449999999999966e-11 1.311429999999999997e-13
6.903500000000000000e+03 8.519920000000000718e-12 1.221980000000000060e-13
8.701170000000000073e+03 5.153610000000000292e-12 6.324219999999999885e-14
1.096700000000000000e+04 3.113670000000000000e-12 5.359890000000000247e-14
1.382270000000000073e+04 1.778469999999999994e-12 2.673320000000000139e-14
1.742220000000000073e+04 1.026680000000000024e-12 2.308920000000000134e-14
2.195890000000000146e+04 5.915809999999999609e-13 1.139010000000000023e-14
2.767700000000000000e+04 3.417170000000000170e-13 9.218380000000000513e-15
3.488409999999999854e+04 1.946270000000000097e-13 5.643309999999999792e-15
4.396800000000000000e+04 1.086300000000000001e-13 3.441920000000000125e-15
5.541719999999999709e+04 6.197210000000000056e-14 2.978770000000000083e-15
6.984789999999999418e+04 3.125290000000000106e-14 1.435620000000000045e-15
8.803630000000000291e+04 1.625830000000000152e-14 1.204530000000000070e-15
1.109610000000000000e+05 8.002089999999999833e-15 6.193669999999999923e-16
1.398550000000000000e+05 3.853560000000000243e-15 4.074319999999999811e-16
1.762730000000000000e+05 1.956730000000000145e-15 3.090249999999999777e-16
2.221750000000000000e+05 6.965610000000000393e-16 1.660089999999999923e-16
2.800290000000000000e+05 2.255529999999999892e-16 1.059979999999999994e-16
3.529490000000000000e+05 7.460299999999999662e-17 5.457690000000000116e-17
4.448570000000000000e+05 2.455749999999999894e-17 2.455520000000000012e-17
5.606980000000000000e+05 8.092489999999999377e-18 1.028329999999999982e-17
7.067040000000000000e+05 2.666089999999999886e-18 4.112959999999999876e-18
8.907290000000000000e+05 8.783930000000000298e-19 1.594569999999999982e-18
1.000000000000000000e+06 5.041897843057531657e-19 0.000000000000000000e+00
2.000000000000000000e+06 1.813037620328131589e-20 0.000000000000000000e+00
3.000000000000000000e+06 2.591859433737804243e-21 0.000000000000000000e+00
