34.171 4.80455e-06 2.7903e-09
44.3332 2.39981e-06 8.89884e-10
57.5177 1.20825e-06 5.90224e-10
74.6231 5.6169e-07 3.00125e-10
96.8155 2.41889e-07 1.80913e-10
125.608 1.21961e-07 9.87582e-11
162.963 6.617e-08 7.10317e-11
211.427 3.37223e-08 3.95062e-11
274.305 1.72433e-08 2.7999e-11
355.881 9.05398e-09 1.59718e-11
461.718 4.84866e-09 1.15256e-11
599.03 2.63517e-09 6.79837e-12
777.179 1.42696e-09 4.97579e-12
1008.31 7.07718e-10 2.72613e-12
1308.17 3.40975e-10 1.89129e-12
1697.21 1.7618e-10 1.06178e-12
2201.96 9.27763e-11 7.47008e-13
2856.81 5.39766e-11 4.58075e-13
3706.4 3.14395e-11 3.16031e-13
4808.67 1.82443e-11 1.88456e-13
6238.74 1.16683e-11 1.29374e-13
8094.1 7.90686e-12 8.94229e-14
10501.2 4.87812e-12 6.00284e-14
13624.2 2.88085e-12 3.68564e-14
17676 1.60001e-12 2.46902e-14
22932.8 8.53667e-13 1.38421e-14
29752.8 4.89801e-13 9.63331e-15
38601.2 2.93873e-13 6.11028e-15
50080.9 1.54544e-13 4.00741e-15
64974.7 8.38456e-14 2.27889e-15
84297.8 5.60523e-14 1.7984e-15
109367 3.38856e-14 1.16878e-15
141893 1.55685e-14 7.27129e-16
184091 7.7986e-15 3.86246e-16
238838 5.0327e-15 3.03392e-16
309868 2.84071e-15 1.83369e-16
402020 1.37752e-15 1.17261e-16
521579 7.60207e-16 6.64659e-17
676694 4.58696e-16 4.03768e-17
877938 2.723e-16 3.86692e-17
