34.171 1.33454e-06 3.99933e-09
44.3332 7.90892e-07 1.47722e-09
57.5177 4.71826e-07 9.36209e-10
74.6231 2.68065e-07 5.41298e-10
96.8155 1.47729e-07 3.22024e-10
125.608 8.55617e-08 1.92109e-10
162.963 4.83954e-08 1.25111e-10
211.427 2.49169e-08 6.88155e-11
274.305 1.24274e-08 4.57286e-11
355.881 6.45366e-09 2.57879e-11
461.718 3.35729e-09 1.82255e-11
599.03 1.63201e-09 9.85448e-12
777.179 7.45875e-10 6.62446e-12
1008.31 3.71564e-10 3.5398e-12
1308.17 2.2265e-10 2.66595e-12
1697.21 1.19894e-10 1.55573e-12
2201.96 5.5585e-11 9.87754e-13
2856.81 2.96412e-11 5.46567e-13
3706.4 2.063e-11 4.0557e-13
4808.67 1.37975e-11 2.75125e-13
6238.74 8.25561e-12 1.73195e-13
8094.1 5.52938e-12 1.18462e-13
10501.2 3.28062e-12 7.81453e-14
13624.2 1.88612e-12 4.68365e-14
17676 1.05189e-12 3.15929e-14
22932.8 5.60057e-13 1.772e-14
29752.8 3.19075e-13 1.23891e-14
38601.2 1.71287e-13 7.18515e-15
50080.9 8.40172e-14 4.80395e-15
64974.7 4.12882e-14 2.60635e-15
84297.8 2.1381e-14 1.93604e-15
109367 9.88352e-15 1.0304e-15
141893 4.3064e-15 7.20756e-16
184091 1.92124e-15 3.75228e-16
238838 8.31618e-16 2.6567e-16
309868 3.2477e-16 1.23169e-16
402020 1.10335e-16 7.10036e-17
521579 6.37636e-17 4.16516e-17
676694 5.91289e-17 2.99724e-17
877938 5.07172e-17 4.03868e-17
