3.368030000000000257e+01 5.568030000000000288e-06 3.862600000000000289e-09
4.245060000000000144e+01 3.266520000000000109e-06 1.355379999999999925e-09
5.350469999999999970e+01 1.969310000000000208e-06 1.146280000000000099e-09
6.743739999999999668e+01 9.883430000000000509e-07 5.928389999999999832e-10
8.499809999999999377e+01 4.209469999999999907e-07 3.877929999999999863e-10
1.071320000000000050e+02 2.466049999999999771e-07 1.851770000000000007e-10
1.350289999999999964e+02 1.415630000000000084e-07 1.562800000000000021e-10
1.701899999999999977e+02 8.418470000000000605e-08 7.755729999999999387e-11
2.145080000000000098e+02 4.994079999999999943e-08 6.868679999999999849e-11
2.703650000000000091e+02 2.849100000000000015e-08 3.219540000000000315e-11
3.407690000000000055e+02 1.637920000000000151e-08 2.383200000000000104e-11
4.295049999999999955e+02 9.384989999999999455e-09 1.379119999999999964e-11
5.413479999999999563e+02 5.441479999999999701e-09 9.762370000000000134e-12
6.823150000000000546e+02 3.314509999999999962e-09 6.843679999999999774e-12
8.599900000000000091e+02 1.852050000000000031e-09 4.388140000000000324e-12
1.083930000000000064e+03 9.171190000000000256e-10 3.033240000000000109e-12
1.366190000000000055e+03 4.980940000000000172e-10 1.713070000000000091e-12
1.721940000000000055e+03 2.821179999999999868e-10 1.368389999999999988e-12
2.170340000000000146e+03 1.594560000000000023e-10 7.252639999999999679e-13
2.735489999999999782e+03 9.063950000000000531e-11 6.076780000000000487e-13
3.447809999999999945e+03 5.080399999999999718e-11 2.980660000000000246e-13
4.345619999999999891e+03 2.800640000000000151e-11 2.603659999999999934e-13
5.477229999999999563e+03 1.723150000000000145e-11 1.323469999999999964e-13
6.903500000000000000e+03 1.044250000000000039e-11 1.232459999999999930e-13
8.701170000000000073e+03 6.296640000000000118e-12 6.353270000000000150e-14
1.096700000000000000e+04 3.798180000000000281e-12 5.370249999999999887e-14
1.382270000000000073e+04 2.287060000000000152e-12 2.707659999999999983e-14
1.742220000000000073e+04 1.359719999999999986e-12 2.351809999999999851e-14
2.195890000000000146e+04 8.807099999999999904e-13 1.204199999999999964e-14
2.767700000000000000e+04 5.590390000000000376e-13 9.567750000000000113e-15
3.488409999999999854e+04 3.781430000000000074e-13 6.725500000000000126e-15
4.396800000000000000e+04 2.747080000000000044e-13 4.185910000000000210e-15
5.541719999999999709e+04 2.013410000000000001e-13 4.248909999999999853e-15
6.984789999999999418e+04 1.292619999999999898e-13 2.054520000000000103e-15
8.803630000000000291e+04 8.205110000000000517e-14 1.720919999999999967e-15
1.109610000000000000e+05 6.470660000000000269e-14 1.243250000000000037e-15
1.398550000000000000e+05 5.431619999999999857e-14 8.394130000000000185e-16
1.762730000000000000e+05 4.790330000000000198e-14 8.674929999999999738e-16
2.221750000000000000e+05 2.949750000000000255e-14 5.164519999999999757e-16
2.800290000000000000e+05 1.625289999999999871e-14 2.585759999999999837e-16
3.529490000000000000e+05 9.147270000000000034e-15 1.592460000000000045e-16
4.448570000000000000e+05 5.127190000000000390e-15 1.095389999999999962e-16
5.606980000000000000e+05 2.876130000000000056e-15 7.680889999999999811e-17
7.067040000000000000e+05 1.613140000000000018e-15 5.284940000000000168e-17
8.907290000000000000e+05 9.047900000000000551e-16 3.547050000000000243e-17
1.000000000000000000e+06 6.776176226952795475e-16 0.000000000000000000e+00
2.000000000000000000e+06 1.199075422180379729e-16 0.000000000000000000e+00
3.000000000000000000e+06 4.353854026438111058e-17 0.000000000000000000e+00
