34.171 2.59553e-06 4.11575e-09
44.3332 1.29332e-06 1.31389e-09
57.5177 6.42957e-07 8.80805e-10
74.6231 3.19703e-07 4.62973e-10
96.8155 1.60826e-07 2.79282e-10
125.608 9.21144e-08 1.65406e-10
162.963 5.54253e-08 1.10521e-10
211.427 2.98163e-08 6.26795e-11
274.305 1.58189e-08 4.24799e-11
355.881 8.50778e-09 2.45875e-11
461.718 4.47208e-09 1.71383e-11
599.03 2.33944e-09 9.81042e-12
777.179 1.16464e-09 6.83506e-12
1008.31 5.7028e-10 3.63736e-12
1308.17 3.16596e-10 2.71852e-12
1697.21 1.69438e-10 1.56447e-12
2201.96 8.45682e-11 1.01618e-12
2856.81 4.72079e-11 5.89625e-13
3706.4 2.95964e-11 4.07724e-13
4808.67 1.88711e-11 2.62815e-13
6238.74 1.25697e-11 1.74887e-13
8094.1 9.16737e-12 1.28134e-13
10501.2 5.84383e-12 8.46845e-14
13624.2 3.48838e-12 5.21378e-14
17676 2.01148e-12 3.57495e-14
22932.8 1.03477e-12 1.95782e-14
29752.8 5.39356e-13 1.32376e-14
38601.2 3.01009e-13 7.94154e-15
50080.9 1.57212e-13 5.44869e-15
64974.7 7.80948e-14 2.9417e-15
84297.8 4.09866e-14 2.11209e-15
109367 2.16842e-14 1.20749e-15
141893 1.16078e-14 8.55146e-16
184091 6.49472e-15 5.09414e-16
238838 3.85095e-15 3.77788e-16
309868 2.10503e-15 2.19237e-16
402020 1.02488e-15 1.34251e-16
521579 5.84697e-16 7.76002e-17
676694 3.83725e-16 4.69113e-17
877938 2.45614e-16 4.80832e-17
