3.368030000000000257e+01 1.040860000000000018e-06 3.173869999999999918e-09
4.245060000000000144e+01 6.030949999999999619e-07 1.095929999999999957e-09
5.350469999999999970e+01 3.478579999999999905e-07 7.781950000000000202e-10
6.743739999999999668e+01 2.068199999999999951e-07 4.327039999999999980e-10
8.499809999999999377e+01 1.227529999999999875e-07 2.947859999999999889e-10
1.071320000000000050e+02 8.228660000000000575e-08 1.425269999999999980e-10
1.350289999999999964e+02 5.647459999999999935e-08 1.191469999999999971e-10
1.701899999999999977e+02 3.296740000000000177e-08 5.421779999999999784e-11
2.145080000000000098e+02 1.962309999999999855e-08 4.607780000000000062e-11
2.703650000000000091e+02 1.193130000000000077e-08 2.002200000000000011e-11
3.407690000000000055e+02 7.220039999999999813e-09 1.455820000000000071e-11
4.295049999999999955e+02 4.379330000000000014e-09 8.106539999999999504e-12
5.413479999999999563e+02 2.602090000000000059e-09 5.752310000000000154e-12
6.823150000000000546e+02 1.453240000000000040e-09 3.620420000000000036e-12
8.599900000000000091e+02 8.378610000000000497e-10 2.323270000000000056e-12
1.083930000000000064e+03 5.011110000000000493e-10 1.661800000000000048e-12
1.366190000000000055e+03 2.823299999999999960e-10 9.523959999999999739e-13
1.721940000000000055e+03 1.512930000000000017e-10 6.921239999999999698e-13
2.170340000000000146e+03 8.904870000000000445e-11 3.730040000000000129e-13
2.735489999999999782e+03 5.389379999999999721e-11 3.182689999999999942e-13
3.447809999999999945e+03 3.217050000000000151e-11 1.586570000000000125e-13
4.345619999999999891e+03 1.910109999999999906e-11 1.425520000000000019e-13
5.477229999999999563e+03 1.180469999999999957e-11 7.090140000000000624e-14
6.903500000000000000e+03 7.295479999999999929e-12 6.620419999999999926e-14
8.701170000000000073e+03 4.285009999999999732e-12 3.370920000000000115e-14
1.096700000000000000e+04 2.537610000000000130e-12 2.814359999999999922e-14
1.382270000000000073e+04 1.467970000000000055e-12 1.427949999999999863e-14
1.742220000000000073e+04 8.573669999999999958e-13 1.250669999999999948e-14
2.195890000000000146e+04 4.834430000000000232e-13 6.093820000000000086e-15
2.767700000000000000e+04 2.739909999999999985e-13 4.890640000000000126e-15
3.488409999999999854e+04 1.546180000000000082e-13 2.969869999999999880e-15
4.396800000000000000e+04 8.664980000000000000e-14 1.824839999999999889e-15
5.541719999999999709e+04 4.941690000000000196e-14 1.580189999999999946e-15
6.984789999999999418e+04 2.523979999999999965e-14 7.643010000000000317e-16
8.803630000000000291e+04 1.335300000000000063e-14 6.488909999999999964e-16
1.109610000000000000e+05 6.381810000000000255e-15 3.205880000000000139e-16
1.398550000000000000e+05 2.976029999999999964e-15 1.992219999999999958e-16
1.762730000000000000e+05 1.362230000000000049e-15 1.355060000000000122e-16
2.221750000000000000e+05 7.371090000000000427e-16 7.396750000000000335e-17
2.800290000000000000e+05 4.189669999999999802e-16 4.553840000000000106e-17
3.529490000000000000e+05 2.358959999999999780e-16 3.301910000000000020e-17
4.448570000000000000e+05 1.330610000000000040e-16 2.431969999999999856e-17
5.606980000000000000e+05 7.502880000000000247e-17 1.731399999999999893e-17
7.067040000000000000e+05 4.230919999999999979e-17 1.190189999999999982e-17
8.907290000000000000e+05 2.385810000000000095e-17 7.950489999999999670e-18
1.000000000000000000e+06 1.791576751825899099e-17 0.000000000000000000e+00
2.000000000000000000e+06 3.221526610400918368e-18 0.000000000000000000e+00
3.000000000000000000e+06 1.180763867449510118e-18 0.000000000000000000e+00
