3.368030000000000257e+01 7.752620000000000238e-07 4.766500000000000032e-09
4.245060000000000144e+01 4.869199999999999688e-07 1.778809999999999982e-09
5.350469999999999970e+01 3.063559999999999938e-07 1.200309999999999963e-09
6.743739999999999668e+01 1.905719999999999941e-07 6.899389999999999891e-10
8.499809999999999377e+01 1.161889999999999957e-07 4.788350000000000324e-10
1.071320000000000050e+02 7.625180000000000256e-08 2.340950000000000069e-10
1.350289999999999964e+02 5.044580000000000296e-08 2.009229999999999895e-10
1.701899999999999977e+02 3.133720000000000217e-08 9.619680000000000224e-11
2.145080000000000098e+02 1.959209999999999979e-08 8.513270000000000216e-11
2.703650000000000091e+02 1.251709999999999930e-08 3.697709999999999761e-11
3.407690000000000055e+02 7.880820000000000089e-09 2.713429999999999839e-11
4.295049999999999955e+02 4.696459999999999724e-09 1.521499999999999929e-11
5.413479999999999563e+02 2.730360000000000072e-09 1.068879999999999945e-11
6.823150000000000546e+02 1.397859999999999968e-09 6.600610000000000084e-12
8.599900000000000091e+02 8.251080000000000421e-10 4.299449999999999820e-12
1.083930000000000064e+03 5.984279999999999522e-10 3.309729999999999873e-12
1.366190000000000055e+03 3.413839999999999970e-10 1.921189999999999814e-12
1.721940000000000055e+03 1.670879999999999973e-10 1.314349999999999948e-12
2.170340000000000146e+03 9.368120000000000112e-11 7.016559999999999740e-13
2.735489999999999782e+03 5.416970000000000010e-11 6.147030000000000112e-13
3.447809999999999945e+03 3.083650000000000255e-11 3.080569999999999868e-13
4.345619999999999891e+03 1.728960000000000097e-11 2.751070000000000111e-13
5.477229999999999563e+03 1.077269999999999993e-11 1.387060000000000100e-13
6.903500000000000000e+03 6.660740000000000152e-12 1.300500000000000113e-13
8.701170000000000073e+03 3.857470000000000122e-12 6.682429999999999527e-14
1.096700000000000000e+04 2.261519999999999839e-12 5.570490000000000001e-14
1.382270000000000073e+04 1.313610000000000095e-12 2.875120000000000223e-14
1.742220000000000073e+04 7.729400000000000366e-13 2.553989999999999993e-14
2.195890000000000146e+04 4.218710000000000206e-13 1.219260000000000016e-14
2.767700000000000000e+04 2.317120000000000228e-13 9.609869999999999307e-15
3.488409999999999854e+04 1.300600000000000032e-13 5.794779999999999865e-15
4.396800000000000000e+04 7.469590000000000588e-14 3.580130000000000057e-15
5.541719999999999709e+04 4.406180000000000139e-14 3.190139999999999808e-15
6.984789999999999418e+04 2.105460000000000098e-14 1.497879999999999995e-15
8.803630000000000291e+04 1.043089999999999995e-14 1.214290000000000055e-15
1.109610000000000000e+05 5.304649999999999925e-15 6.418969999999999857e-16
1.398550000000000000e+05 2.707280000000000084e-15 4.419249999999999777e-16
1.762730000000000000e+05 1.455440000000000039e-15 3.539580000000000020e-16
2.221750000000000000e+05 5.366869999999999978e-16 1.856020000000000082e-16
2.800290000000000000e+05 1.786849999999999887e-16 1.174369999999999892e-16
3.529490000000000000e+05 6.085700000000000212e-17 6.193699999999999946e-17
4.448570000000000000e+05 2.062179999999999915e-17 2.865750000000000024e-17
5.606980000000000000e+05 6.995820000000000420e-18 1.235330000000000036e-17
7.067040000000000000e+05 2.372679999999999843e-18 5.086870000000000266e-18
8.907290000000000000e+05 8.047539999999999666e-19 2.030530000000000088e-18
1.000000000000000000e+06 4.686766590261537149e-19 0.000000000000000000e+00
2.000000000000000000e+06 1.838458569633178006e-20 0.000000000000000000e+00
3.000000000000000000e+06 2.765356916515829899e-21 0.000000000000000000e+00
