3.368030000000000257e+01 8.397720000000000634e-06 2.754080000000000068e-09
4.245060000000000144e+01 4.494219999999999807e-06 8.853439999999999983e-10
5.350469999999999970e+01 2.514009999999999838e-06 7.810170000000000338e-10
6.743739999999999668e+01 1.031619999999999916e-06 3.756760000000000063e-10
8.499809999999999377e+01 3.164680000000000251e-07 2.162429999999999945e-10
1.071320000000000050e+02 1.985230000000000102e-07 1.124469999999999970e-10
1.350289999999999964e+02 1.213450000000000056e-07 1.028529999999999989e-10
1.701899999999999977e+02 7.063900000000000143e-08 5.133240000000000127e-11
2.145080000000000098e+02 4.146990000000000131e-08 4.566799999999999807e-11
2.703650000000000091e+02 2.338679999999999869e-08 2.108229999999999954e-11
3.407690000000000055e+02 1.333639999999999957e-08 1.545309999999999844e-11
4.295049999999999955e+02 7.726619999999999939e-09 8.969829999999999555e-12
5.413479999999999563e+02 4.517880000000000119e-09 6.387729999999999884e-12
6.823150000000000546e+02 2.772309999999999911e-09 4.464390000000000125e-12
8.599900000000000091e+02 1.593689999999999901e-09 2.912690000000000183e-12
1.083930000000000064e+03 8.508599999999999962e-10 2.068979999999999934e-12
1.366190000000000055e+03 4.487250000000000195e-10 1.151729999999999981e-12
1.721940000000000055e+03 2.280209999999999873e-10 8.655079999999999709e-13
2.170340000000000146e+03 1.282889999999999951e-10 4.599440000000000443e-13
2.735489999999999782e+03 7.447349999999999362e-11 3.977359999999999927e-13
3.447809999999999945e+03 4.264300000000000076e-11 1.966700000000000092e-13
4.345619999999999891e+03 2.391900000000000097e-11 1.726459999999999895e-13
5.477229999999999563e+03 1.543780000000000032e-11 8.804780000000000576e-14
6.903500000000000000e+03 9.796699999999999241e-12 8.334070000000000151e-14
8.701170000000000073e+03 6.062629999999999987e-12 4.263609999999999717e-14
1.096700000000000000e+04 3.760999999999999827e-12 3.656580000000000107e-14
1.382270000000000073e+04 2.281319999999999815e-12 1.849770000000000079e-14
1.742220000000000073e+04 1.359819999999999955e-12 1.606900000000000138e-14
2.195890000000000146e+04 9.327350000000000641e-13 8.535210000000000103e-15
2.767700000000000000e+04 6.252620000000000473e-13 6.897849999999999860e-15
3.488409999999999854e+04 4.367899999999999998e-13 4.984629999999999904e-15
4.396800000000000000e+04 3.204029999999999930e-13 3.082370000000000031e-15
5.541719999999999709e+04 2.307620000000000117e-13 3.048220000000000058e-15
6.984789999999999418e+04 1.766699999999999934e-13 1.640140000000000063e-15
8.803630000000000291e+04 1.298299999999999880e-13 1.428299999999999957e-15
1.109610000000000000e+05 1.148430000000000086e-13 1.145640000000000015e-15
1.398550000000000000e+05 1.063149999999999994e-13 8.086189999999999957e-16
1.762730000000000000e+05 1.061320000000000041e-13 8.933579999999999514e-16
2.221750000000000000e+05 6.529739999999999801e-14 5.316690000000000018e-16
2.800290000000000000e+05 3.458439999999999928e-14 2.610230000000000015e-16
3.529490000000000000e+05 1.885329999999999892e-14 1.596050000000000070e-16
4.448570000000000000e+05 1.022019999999999990e-14 1.073879999999999959e-16
5.606980000000000000e+05 5.546349999999999889e-15 7.298910000000000553e-17
7.067040000000000000e+05 3.009270000000000086e-15 4.852240000000000306e-17
8.907290000000000000e+05 1.632800000000000026e-15 3.144320000000000229e-17
1.000000000000000000e+06 1.202729293202098483e-15 0.000000000000000000e+00
2.000000000000000000e+06 1.927031551136744171e-16 0.000000000000000000e+00
3.000000000000000000e+06 6.602074120637307127e-17 0.000000000000000000e+00
