3.368030000000000257e+01 8.280940000000000035e-07 4.611710000000000404e-09
4.245060000000000144e+01 4.719249999999999857e-07 1.568169999999999973e-09
5.350469999999999970e+01 2.652829999999999807e-07 1.138349999999999900e-09
6.743739999999999668e+01 1.634400000000000130e-07 6.571029999999999590e-10
8.499809999999999377e+01 1.063299999999999999e-07 4.881079999999999651e-10
1.071320000000000050e+02 7.082119999999999362e-08 2.363899999999999974e-10
1.350289999999999964e+02 4.824239999999999793e-08 1.995060000000000088e-10
1.701899999999999977e+02 2.876790000000000113e-08 9.219899999999999357e-11
2.145080000000000098e+02 1.743589999999999932e-08 7.943680000000000014e-11
2.703650000000000091e+02 1.069720000000000066e-08 3.385579999999999878e-11
3.407690000000000055e+02 6.546939999999999728e-09 2.446550000000000071e-11
4.295049999999999955e+02 4.043960000000000168e-09 1.372160000000000002e-11
5.413479999999999563e+02 2.417630000000000057e-09 9.791329999999999639e-12
6.823150000000000546e+02 1.317330000000000041e-09 6.162539999999999710e-12
8.599900000000000091e+02 7.465230000000000493e-10 3.915389999999999940e-12
1.083930000000000064e+03 4.399529999999999902e-10 2.840779999999999938e-12
1.366190000000000055e+03 2.419449999999999850e-10 1.604940000000000026e-12
1.721940000000000055e+03 1.251420000000000110e-10 1.153870000000000010e-12
2.170340000000000146e+03 7.351520000000000324e-11 6.229670000000000051e-13
2.735489999999999782e+03 4.504509999999999756e-11 5.414189999999999571e-13
3.447809999999999945e+03 2.646879999999999885e-11 2.694980000000000195e-13
4.345619999999999891e+03 1.548549999999999980e-11 2.422029999999999829e-13
5.477229999999999563e+03 9.396220000000000124e-12 1.208779999999999924e-13
6.903500000000000000e+03 5.663260000000000246e-12 1.116469999999999937e-13
8.701170000000000073e+03 3.459489999999999833e-12 5.829010000000000423e-14
1.096700000000000000e+04 2.100690000000000008e-12 4.963589999999999704e-14
1.382270000000000073e+04 1.210569999999999960e-12 2.509920000000000048e-14
1.742220000000000073e+04 7.083299999999999716e-13 2.202880000000000013e-14
2.195890000000000146e+04 3.991630000000000027e-13 1.072789999999999985e-14
2.767700000000000000e+04 2.263130000000000122e-13 8.614139999999999987e-15
3.488409999999999854e+04 1.272300000000000041e-13 5.210499999999999766e-15
4.396800000000000000e+04 7.061750000000000177e-14 3.167670000000000057e-15
5.541719999999999709e+04 4.012889999999999777e-14 2.732410000000000159e-15
6.984789999999999418e+04 1.973389999999999985e-14 1.322719999999999926e-15
8.803630000000000291e+04 1.015699999999999998e-14 1.115009999999999949e-15
1.109610000000000000e+05 4.593040000000000181e-15 5.763990000000000404e-16
1.398550000000000000e+05 1.987699999999999936e-15 3.996660000000000241e-16
1.762730000000000000e+05 9.197070000000000567e-16 2.838219999999999801e-16
2.221750000000000000e+05 2.735309999999999969e-16 2.229970000000000222e-16
2.800290000000000000e+05 7.270630000000000269e-17 1.373010000000000000e-16
3.529490000000000000e+05 1.984540000000000073e-17 5.942560000000000217e-17
4.448570000000000000e+05 5.382789999999999844e-18 2.210599999999999932e-17
5.606980000000000000e+05 1.462200000000000008e-18 7.634850000000000632e-18
7.067040000000000000e+05 3.970559999999999964e-19 2.516239999999999871e-18
8.907290000000000000e+05 1.078279999999999964e-19 8.037090000000000427e-19
1.000000000000000000e+06 5.619132412830014897e-20 0.000000000000000000e+00
2.000000000000000000e+06 1.132639934209425026e-21 0.000000000000000000e+00
3.000000000000000000e+06 1.154097966384619038e-22 0.000000000000000000e+00
