34.171 9.36515e-07 3.20075e-09
44.3332 6.23954e-07 1.31745e-09
57.5177 4.22428e-07 8.46007e-10
74.6231 2.5279e-07 5.0809e-10
96.8155 1.37629e-07 2.98959e-10
125.608 7.74959e-08 1.74904e-10
162.963 4.15639e-08 1.132e-10
211.427 2.07161e-08 6.09591e-11
274.305 1.01752e-08 4.10368e-11
355.881 5.42454e-09 2.3637e-11
461.718 2.97551e-09 1.71331e-11
599.03 1.4633e-09 9.34276e-12
777.179 6.71924e-10 6.28439e-12
1008.31 3.431e-10 3.48076e-12
1308.17 1.96002e-10 2.62806e-12
1697.21 9.62848e-11 1.41358e-12
2201.96 4.46687e-11 9.20574e-13
2856.81 2.53753e-11 5.42015e-13
3706.4 1.76051e-11 3.93353e-13
4808.67 1.09827e-11 2.47616e-13
6238.74 6.79395e-12 1.57614e-13
8094.1 5.00701e-12 1.17233e-13
10501.2 3.0731e-12 7.51744e-14
13624.2 1.85597e-12 4.68748e-14
17676 1.05464e-12 3.17021e-14
22932.8 5.40301e-13 1.71739e-14
29752.8 3.06849e-13 1.22688e-14
38601.2 1.66492e-13 7.2487e-15
50080.9 7.92406e-14 4.80844e-15
64974.7 3.53393e-14 2.41727e-15
84297.8 1.63112e-14 1.70016e-15
109367 8.11475e-15 9.52005e-16
141893 4.07645e-15 7.1507e-16
184091 1.80973e-15 3.75466e-16
238838 8.36197e-16 2.94725e-16
309868 2.80471e-16 1.29007e-16
402020 5.97889e-17 5.44415e-17
521579 3.82166e-17 3.47852e-17
676694 6.40081e-17 2.90397e-17
877938 9.35334e-17 5.9937e-17
