3.368030000000000257e+01 8.110440000000000566e-06 3.807180000000000082e-09
4.245060000000000144e+01 4.684279999999999644e-06 1.315260000000000068e-09
5.350469999999999970e+01 2.772739999999999985e-06 1.093129999999999926e-09
6.743739999999999668e+01 1.390360000000000017e-06 5.644889999999999725e-10
8.499809999999999377e+01 6.003120000000000090e-07 3.737279999999999940e-10
1.071320000000000050e+02 3.482149999999999983e-07 1.787720000000000109e-10
1.350289999999999964e+02 1.977550000000000129e-07 1.512430000000000122e-10
1.701899999999999977e+02 1.178459999999999953e-07 7.593739999999999670e-11
2.145080000000000098e+02 6.970510000000000655e-08 6.742379999999999469e-11
2.703650000000000091e+02 4.188920000000000296e-08 3.342870000000000033e-11
3.407690000000000055e+02 2.501559999999999869e-08 2.575219999999999845e-11
4.295049999999999955e+02 1.457489999999999937e-08 1.525720000000000006e-11
5.413479999999999563e+02 8.667050000000000175e-09 1.107569999999999975e-11
6.823150000000000546e+02 5.486649999999999866e-09 7.940210000000000555e-12
8.599900000000000091e+02 3.172080000000000072e-09 5.215490000000000024e-12
1.083930000000000064e+03 1.632490000000000015e-09 3.602130000000000121e-12
1.366190000000000055e+03 8.831770000000000202e-10 2.031589999999999828e-12
1.721940000000000055e+03 4.834199999999999705e-10 1.588920000000000059e-12
2.170340000000000146e+03 2.684470000000000140e-10 8.430600000000000448e-13
2.735489999999999782e+03 1.512490000000000120e-10 7.230570000000000360e-13
3.447809999999999945e+03 8.066660000000000607e-11 3.536139999999999814e-13
4.345619999999999891e+03 4.196620000000000186e-11 3.029939999999999911e-13
5.477229999999999563e+03 2.584189999999999958e-11 1.563609999999999989e-13
6.903500000000000000e+03 1.557649999999999850e-11 1.460900000000000116e-13
8.701170000000000073e+03 9.144450000000000279e-12 7.491789999999999726e-14
1.096700000000000000e+04 5.400629999999999779e-12 6.252159999999999736e-14
1.382270000000000073e+04 3.242599999999999936e-12 3.207600000000000135e-14
1.742220000000000073e+04 1.929250000000000085e-12 2.821469999999999993e-14
2.195890000000000146e+04 1.194830000000000070e-12 1.418649999999999968e-14
2.767700000000000000e+04 7.296799999999999766e-13 1.131679999999999961e-14
3.488409999999999854e+04 4.726619999999999705e-13 7.674579999999999369e-15
4.396800000000000000e+04 3.284799999999999796e-13 4.791660000000000241e-15
5.541719999999999709e+04 2.262170000000000043e-13 4.676290000000000104e-15
6.984789999999999418e+04 1.526290000000000053e-13 2.325620000000000110e-15
8.803630000000000291e+04 9.953279999999999418e-14 1.942909999999999853e-15
1.109610000000000000e+05 8.208210000000000272e-14 1.460819999999999941e-15
1.398550000000000000e+05 7.227350000000000501e-14 1.001490000000000029e-15
1.762730000000000000e+05 6.733589999999999988e-14 1.057659999999999914e-15
2.221750000000000000e+05 4.212449999999999888e-14 6.402359999999999573e-16
2.800290000000000000e+05 2.328490000000000095e-14 3.263490000000000004e-16
3.529490000000000000e+05 1.317800000000000075e-14 2.058790000000000121e-16
4.448570000000000000e+05 7.424329999999999690e-15 1.435659999999999893e-16
5.606980000000000000e+05 4.186419999999999897e-15 1.013410000000000033e-16
7.067040000000000000e+05 2.360239999999999872e-15 7.002619999999999490e-17
8.907290000000000000e+05 1.330710000000000081e-15 4.717419999999999971e-17
1.000000000000000000e+06 9.991854252975129806e-16 0.000000000000000000e+00
2.000000000000000000e+06 1.795772836246240163e-16 0.000000000000000000e+00
3.000000000000000000e+06 6.579963045058704147e-17 0.000000000000000000e+00
