56.2289 7.91481e-07 2.07496e-09
71.1114 4.00085e-07 6.59868e-10
89.9329 1.97799e-07 3.81463e-10
113.736 1.09154e-07 2.15209e-10
143.839 6.66767e-08 1.37176e-10
181.91 4.00923e-08 8.41428e-11
230.058 2.46076e-08 5.73707e-11
290.949 1.40487e-08 3.4465e-11
367.956 7.48291e-09 2.32467e-11
465.346 4.06794e-09 1.36255e-11
588.512 2.24474e-09 1.00711e-11
744.277 1.16918e-09 5.77999e-12
941.27 5.66706e-10 4.00777e-12
1190.4 3.09224e-10 2.3318e-12
1505.47 1.85977e-10 1.72559e-12
1903.94 1.11821e-10 1.0756e-12
2407.87 6.85752e-11 7.34621e-13
3045.17 4.55161e-11 4.95739e-13
3851.16 2.95205e-11 3.33077e-13
4870.47 2.06427e-11 2.34089e-13
6159.57 1.4654e-11 1.67248e-13
7789.86 9.67737e-12 1.12273e-13
9851.66 6.00056e-12 7.76956e-14
12459.2 3.68184e-12 4.96075e-14
15756.8 2.21869e-12 3.57453e-14
19927.3 1.27902e-12 2.1877e-14
25201.6 7.0362e-13 1.53921e-14
31871.8 3.93642e-13 9.15151e-15
40307.6 2.39977e-13 6.99649e-15
50976 1.41487e-13 4.40287e-15
64468.2 8.10192e-14 3.24656e-15
81531.5 4.69263e-14 2.01564e-15
103111 2.749e-14 1.53595e-15
130402 1.54988e-14 9.37165e-16
164916 8.44393e-15 6.88848e-16
208566 4.60262e-15 4.05032e-16
263768 2.4421e-15 2.8329e-16
333582 1.45421e-15 1.72515e-16
421873 9.65276e-16 1.11303e-16
533533 6.28432e-16 1.16579e-16
