34.171 2.52894e-06 2.02085e-09
44.3332 1.2486e-06 6.37177e-10
57.5177 6.14648e-07 4.13763e-10
74.6231 3.09835e-07 2.20674e-10
96.8155 1.58407e-07 1.36949e-10
125.608 9.04064e-08 8.11021e-11
162.963 5.44142e-08 5.50435e-11
211.427 2.96885e-08 3.16824e-11
274.305 1.579e-08 2.14466e-11
355.881 8.43735e-09 1.23411e-11
461.718 4.44418e-09 8.65201e-12
599.03 2.29861e-09 4.88778e-12
777.179 1.15194e-09 3.40223e-12
1008.31 5.86237e-10 1.8733e-12
1308.17 3.20117e-10 1.35489e-12
1697.21 1.693e-10 7.78405e-13
2201.96 8.10908e-11 5.07993e-13
2856.81 4.52716e-11 2.96714e-13
3706.4 2.82454e-11 2.08615e-13
4808.67 1.73345e-11 1.29451e-13
6238.74 1.18072e-11 8.67036e-14
8094.1 8.85445e-12 6.50473e-14
10501.2 5.78221e-12 4.33332e-14
13624.2 3.5016e-12 2.7109e-14
17676 1.94812e-12 1.82675e-14
22932.8 9.90092e-13 9.89296e-15
29752.8 5.29403e-13 6.84413e-15
38601.2 2.95822e-13 4.13595e-15
50080.9 1.45628e-13 2.74344e-15
64974.7 7.18558e-14 1.4574e-15
84297.8 4.16363e-14 1.10454e-15
109367 2.32045e-14 6.67929e-16
141893 1.10362e-14 4.32326e-16
184091 5.70683e-15 2.37683e-16
238838 3.51507e-15 1.80238e-16
309868 2.09806e-15 1.12581e-16
402020 1.20882e-15 7.63154e-17
521579 7.2504e-16 4.64551e-17
676694 4.47622e-16 2.81535e-17
877938 2.74918e-16 2.78407e-17
