34.171 2.28104e-06 3.19136e-09
44.3332 1.16584e-06 1.03184e-09
57.5177 5.95045e-07 6.46225e-10
74.6231 2.99458e-07 3.42245e-10
96.8155 1.4913e-07 2.06864e-10
125.608 8.29189e-08 1.19838e-10
162.963 4.83559e-08 8.07333e-11
211.427 2.61156e-08 4.60803e-11
274.305 1.39783e-08 3.13248e-11
355.881 7.35629e-09 1.78043e-11
461.718 3.7756e-09 1.23132e-11
599.03 1.97593e-09 7.02389e-12
777.179 1.01146e-09 4.94071e-12
1008.31 5.11755e-10 2.70873e-12
1308.17 2.72682e-10 1.92881e-12
1697.21 1.44187e-10 1.10064e-12
2201.96 7.286e-11 7.36318e-13
2856.81 4.28357e-11 4.52821e-13
3706.4 2.6328e-11 3.16853e-13
4808.67 1.54498e-11 1.90793e-13
6238.74 9.7078e-12 1.30512e-13
8094.1 6.36487e-12 8.80306e-14
10501.2 3.69939e-12 5.81887e-14
13624.2 2.12174e-12 3.49787e-14
17676 1.17711e-12 2.38538e-14
22932.8 6.10436e-13 1.31344e-14
29752.8 3.35523e-13 9.14247e-15
38601.2 1.87083e-13 5.54404e-15
50080.9 8.94166e-14 3.66967e-15
64974.7 4.1668e-14 1.89609e-15
84297.8 2.27069e-14 1.4986e-15
109367 1.05708e-14 8.38878e-16
141893 3.4402e-15 4.80997e-16
184091 1.47761e-15 2.304e-16
238838 9.95665e-16 2.20809e-16
309868 4.38251e-16 1.13908e-16
402020 1.20771e-16 5.25988e-17
521579 7.16316e-17 3.13101e-17
676694 8.02151e-17 2.26767e-17
877938 8.12743e-17 3.50104e-17
