34.171 5.13793e-06 3.50897e-09
44.3332 2.51388e-06 1.10699e-09
57.5177 1.24452e-06 7.69787e-10
74.6231 5.60313e-07 3.86194e-10
96.8155 2.3129e-07 2.34291e-10
125.608 1.18423e-07 1.2983e-10
162.963 6.72428e-08 9.64508e-11
211.427 3.54563e-08 5.51512e-11
274.305 1.88588e-08 3.98304e-11
355.881 1.01683e-08 2.32092e-11
461.718 5.55928e-09 1.68265e-11
599.03 3.01308e-09 9.87173e-12
777.179 1.60961e-09 7.08329e-12
1008.31 8.26826e-10 4.00206e-12
1308.17 4.09282e-10 2.81479e-12
1697.21 1.92163e-10 1.44871e-12
2201.96 9.88268e-11 1.03304e-12
2856.81 5.6075e-11 6.20618e-13
3706.4 3.15746e-11 4.18747e-13
4808.67 1.84728e-11 2.51091e-13
6238.74 1.19064e-11 1.69356e-13
8094.1 8.36548e-12 1.2027e-13
10501.2 5.36789e-12 8.0363e-14
13624.2 3.30164e-12 5.08715e-14
17676 1.88968e-12 3.41267e-14
22932.8 1.05048e-12 1.97756e-14
29752.8 6.38898e-13 1.41655e-14
38601.2 3.94941e-13 9.15097e-15
50080.9 2.24521e-13 6.19748e-15
64974.7 1.32832e-13 3.77542e-15
84297.8 9.17526e-14 2.82813e-15
109367 6.72925e-14 2.10997e-15
141893 4.75865e-14 1.58218e-15
184091 2.91756e-14 9.98118e-16
238838 1.95942e-14 7.75732e-16
309868 1.03887e-14 4.47758e-16
402020 3.88227e-15 2.38782e-16
521579 1.82077e-15 1.17531e-16
676694 1.00223e-15 7.30423e-17
877938 5.35209e-16 6.34145e-17
