34.171 7.65078e-06 3.97606e-09
44.3332 3.58168e-06 1.22626e-09
57.5177 1.69317e-06 9.12794e-10
74.6231 7.65876e-07 4.63237e-10
96.8155 3.29165e-07 2.93324e-10
125.608 1.66399e-07 1.60593e-10
162.963 8.88821e-08 1.12496e-10
211.427 4.21048e-08 5.87322e-11
274.305 2.00737e-08 4.02765e-11
355.881 1.04221e-08 2.27263e-11
461.718 5.53077e-09 1.61328e-11
599.03 3.07199e-09 9.77231e-12
777.179 1.62087e-09 7.11215e-12
1008.31 6.70132e-10 3.40175e-12
1308.17 3.0226e-10 2.50626e-12
1697.21 1.37163e-10 1.25765e-12
2201.96 7.07678e-11 9.05247e-13
2856.81 4.86054e-11 6.44192e-13
3706.4 3.00761e-11 4.17071e-13
4808.67 1.93207e-11 2.68636e-13
6238.74 1.32997e-11 1.8083e-13
8094.1 9.35954e-12 1.27497e-13
10501.2 5.98781e-12 8.45936e-14
13624.2 3.678e-12 5.33691e-14
17676 2.13235e-12 3.59476e-14
22932.8 1.15674e-12 2.03342e-14
29752.8 6.74109e-13 1.40422e-14
38601.2 4.2171e-13 9.06231e-15
50080.9 2.74185e-13 6.48775e-15
64974.7 1.7633e-13 4.23471e-15
84297.8 1.30675e-13 3.23713e-15
109367 9.74835e-14 2.48077e-15
141893 5.47632e-14 1.6266e-15
184091 2.90099e-14 9.0753e-16
238838 1.83545e-14 7.14514e-16
309868 9.17992e-15 3.89918e-16
402020 3.77309e-15 2.25662e-16
521579 1.76833e-15 1.12211e-16
676694 8.69744e-16 6.6526e-17
877938 4.23795e-16 5.28918e-17
