3.368030000000000257e+01 1.398900000000000066e-06 6.225239999999999898e-09
4.245060000000000144e+01 7.593020000000000318e-07 2.015970000000000019e-09
5.350469999999999970e+01 4.098010000000000046e-07 1.400570000000000055e-09
6.743739999999999668e+01 2.299279999999999927e-07 7.458509999999999714e-10
8.499809999999999377e+01 1.290329999999999882e-07 5.071879999999999654e-10
1.071320000000000050e+02 8.357690000000000242e-08 2.424879999999999902e-10
1.350289999999999964e+02 5.476770000000000145e-08 2.024920000000000076e-10
1.701899999999999977e+02 3.272020000000000205e-08 9.495409999999999422e-11
2.145080000000000098e+02 1.976920000000000076e-08 8.232170000000000535e-11
2.703650000000000091e+02 1.205680000000000080e-08 3.689270000000000253e-11
3.407690000000000055e+02 7.334990000000000124e-09 2.739310000000000129e-11
4.295049999999999955e+02 4.469769999999999962e-09 1.543560000000000018e-11
5.413479999999999563e+02 2.672809999999999996e-09 1.102730000000000008e-11
6.823150000000000546e+02 1.504889999999999960e-09 6.885529999999999641e-12
8.599900000000000091e+02 8.849799999999999776e-10 4.473989999999999599e-12
1.083930000000000064e+03 5.542880000000000405e-10 3.227549999999999914e-12
1.366190000000000055e+03 3.112689999999999929e-10 1.843130000000000044e-12
1.721940000000000055e+03 1.606269999999999924e-10 1.299840000000000043e-12
2.170340000000000146e+03 9.400039999999999677e-11 6.953130000000000080e-13
2.735489999999999782e+03 5.720580000000000086e-11 5.940789999999999569e-13
3.447809999999999945e+03 3.341699999999999948e-11 2.918320000000000231e-13
4.345619999999999891e+03 1.941699999999999936e-11 2.585320000000000034e-13
5.477229999999999563e+03 1.176890000000000007e-11 1.282299999999999999e-13
6.903500000000000000e+03 7.098310000000000275e-12 1.181399999999999894e-13
8.701170000000000073e+03 4.238480000000000333e-12 6.092760000000000183e-14
1.096700000000000000e+04 2.531480000000000034e-12 5.122810000000000110e-14
1.382270000000000073e+04 1.473540000000000000e-12 2.603909999999999984e-14
1.742220000000000073e+04 8.651049999999999776e-13 2.287200000000000089e-14
2.195890000000000146e+04 4.950759999999999596e-13 1.133830000000000046e-14
2.767700000000000000e+04 2.853889999999999869e-13 9.281059999999999393e-15
3.488409999999999854e+04 1.601500000000000042e-13 5.638470000000000289e-15
4.396800000000000000e+04 8.698989999999999620e-14 3.500109999999999992e-15
5.541719999999999709e+04 4.783600000000000185e-14 2.952910000000000093e-15
6.984789999999999418e+04 2.521429999999999953e-14 1.470879999999999951e-15
8.803630000000000291e+04 1.352639999999999986e-14 1.264780000000000014e-15
1.109610000000000000e+05 6.785849999999999618e-15 6.540660000000000263e-16
1.398550000000000000e+05 3.315729999999999942e-15 4.229399999999999759e-16
1.762730000000000000e+05 1.703049999999999935e-15 3.223130000000000074e-16
2.221750000000000000e+05 6.326639999999999794e-16 1.743289999999999974e-16
2.800290000000000000e+05 2.154140000000000033e-16 1.145749999999999932e-16
3.529490000000000000e+05 7.477209999999999674e-17 6.172620000000000055e-17
4.448570000000000000e+05 2.584310000000000079e-17 2.914299999999999970e-17
5.606980000000000000e+05 8.940549999999999778e-18 1.281179999999999988e-17
7.067040000000000000e+05 3.092369999999999824e-18 5.380110000000000102e-18
8.907290000000000000e+05 1.069639999999999995e-18 2.190010000000000028e-18
1.000000000000000000e+06 6.290844557289524205e-19 0.000000000000000000e+00
2.000000000000000000e+06 2.617063173330542421e-20 0.000000000000000000e+00
3.000000000000000000e+06 4.074202033481745285e-21 0.000000000000000000e+00
