34.171 5.90386e-06 2.99078e-09
44.3332 3.01966e-06 9.88659e-10
57.5177 1.55942e-06 7.27469e-10
74.6231 7.4911e-07 3.8544e-10
96.8155 3.33729e-07 2.43252e-10
125.608 1.81871e-07 1.41262e-10
162.963 1.11849e-07 1.06863e-10
211.427 5.90922e-08 6.08887e-11
274.305 2.93313e-08 4.08902e-11
355.881 1.57196e-08 2.36504e-11
461.718 8.63215e-09 1.71403e-11
599.03 4.57161e-09 9.89168e-12
777.179 2.43034e-09 7.25608e-12
1008.31 1.16871e-09 3.89009e-12
1308.17 5.62516e-10 2.76543e-12
1697.21 2.78131e-10 1.53755e-12
2201.96 1.32381e-10 1.09649e-12
2856.81 6.2867e-11 5.65664e-13
3706.4 3.36445e-11 4.00568e-13
4808.67 2.12302e-11 2.5994e-13
6238.74 1.42795e-11 1.77447e-13
8094.1 1.04619e-11 1.3079e-13
10501.2 6.93765e-12 8.95747e-14
13624.2 4.19971e-12 5.59427e-14
17676 2.3232e-12 3.69454e-14
22932.8 1.276e-12 2.11658e-14
29752.8 7.60219e-13 1.47736e-14
38601.2 4.54327e-13 9.1814e-15
50080.9 2.58743e-13 6.07801e-15
64974.7 1.65256e-13 3.95538e-15
84297.8 1.22104e-13 2.98609e-15
109367 9.40013e-14 2.29274e-15
141893 8.36717e-14 1.95229e-15
184091 6.31726e-14 1.49171e-15
238838 4.04065e-14 1.07927e-15
309868 2.23608e-14 6.35028e-16
402020 1.08618e-14 4.05722e-16
521579 5.31312e-15 2.09937e-16
676694 2.49288e-15 1.19573e-16
877938 1.17913e-15 9.23168e-17
