3.368030000000000257e+01 3.274530000000000139e-06 6.022429999999999851e-09
4.245060000000000144e+01 1.518610000000000017e-06 1.680170000000000000e-09
5.350469999999999970e+01 6.993580000000000344e-07 1.263389999999999915e-09
6.743739999999999668e+01 3.387950000000000106e-07 6.244960000000000322e-10
8.499809999999999377e+01 1.588560000000000032e-07 4.327110000000000064e-10
1.071320000000000050e+02 1.103759999999999952e-07 2.178849999999999926e-10
1.350289999999999964e+02 7.806600000000000566e-08 1.887190000000000128e-10
1.701899999999999977e+02 4.670839999999999889e-08 8.708200000000000234e-11
2.145080000000000098e+02 2.856819999999999902e-08 7.546960000000000065e-11
2.703650000000000091e+02 1.720610000000000079e-08 3.523999999999999928e-11
3.407690000000000055e+02 1.034019999999999951e-08 2.659120000000000003e-11
4.295049999999999955e+02 6.027139999999999930e-09 1.524230000000000019e-11
5.413479999999999563e+02 3.518079999999999912e-09 1.079520000000000069e-11
6.823150000000000546e+02 2.019599999999999933e-09 7.050869999999999823e-12
8.599900000000000091e+02 1.179479999999999943e-09 4.589090000000000189e-12
1.083930000000000064e+03 7.063399999999999617e-10 3.290779999999999838e-12
1.366190000000000055e+03 4.092250000000000008e-10 1.919719999999999821e-12
1.721940000000000055e+03 2.308149999999999934e-10 1.418550000000000049e-12
2.170340000000000146e+03 1.368219999999999903e-10 7.675569999999999979e-13
2.735489999999999782e+03 8.200090000000000373e-11 6.459730000000000385e-13
3.447809999999999945e+03 4.994670000000000083e-11 3.266209999999999974e-13
4.345619999999999891e+03 3.010640000000000266e-11 2.959700000000000000e-13
5.477229999999999563e+03 1.945209999999999867e-11 1.500330000000000081e-13
6.903500000000000000e+03 1.256280000000000055e-11 1.437889999999999894e-13
8.701170000000000073e+03 7.478449999999999906e-12 7.275100000000000222e-14
1.096700000000000000e+04 4.514050000000000137e-12 6.143399999999999602e-14
1.382270000000000073e+04 2.648439999999999972e-12 3.122240000000000184e-14
1.742220000000000073e+04 1.581639999999999913e-12 2.777670000000000030e-14
2.195890000000000146e+04 8.688079999999999670e-13 1.326059999999999937e-14
2.767700000000000000e+04 4.793929999999999547e-13 1.042779999999999956e-14
3.488409999999999854e+04 2.755360000000000186e-13 6.405790000000000301e-15
4.396800000000000000e+04 1.662889999999999945e-13 4.004029999999999708e-15
5.541719999999999709e+04 1.012229999999999994e-13 3.641440000000000259e-15
6.984789999999999418e+04 5.483720000000000210e-14 1.701460000000000041e-15
8.803630000000000291e+04 3.010659999999999740e-14 1.410569999999999963e-15
1.109610000000000000e+05 1.745640000000000022e-14 7.775470000000000304e-16
1.398550000000000000e+05 1.033009999999999957e-14 4.593420000000000199e-16
1.762730000000000000e+05 6.039730000000000029e-15 3.637009999999999909e-16
2.221750000000000000e+05 3.731019999999999636e-15 2.183359999999999944e-16
2.800290000000000000e+05 2.342640000000000138e-15 1.242499999999999975e-16
3.529490000000000000e+05 1.466469999999999944e-15 8.482319999999999405e-17
4.448570000000000000e+05 9.185049999999999239e-16 6.509329999999999860e-17
5.606980000000000000e+05 5.752359999999999858e-16 5.094370000000000111e-17
7.067040000000000000e+05 3.602619999999999955e-16 3.914770000000000009e-17
8.907290000000000000e+05 2.256260000000000103e-16 2.934599999999999777e-17
1.000000000000000000e+06 1.785556950977715907e-16 0.000000000000000000e+00
2.000000000000000000e+06 4.396275674647290189e-17 0.000000000000000000e+00
3.000000000000000000e+06 1.936532551144959996e-17 0.000000000000000000e+00
