34.171 4.03384e-06 2.9444e-09
44.3332 2.27809e-06 1.04915e-09
57.5177 1.3133e-06 7.25766e-10
74.6231 6.29775e-07 3.80385e-10
96.8155 2.56218e-07 2.21428e-10
125.608 1.35939e-07 1.25546e-10
162.963 8.3174e-08 9.55403e-11
211.427 4.69954e-08 5.72281e-11
274.305 2.64401e-08 4.03046e-11
355.881 1.49497e-08 2.42631e-11
461.718 8.4665e-09 1.75077e-11
599.03 4.57081e-09 1.01531e-11
777.179 2.51842e-09 7.3667e-12
1008.31 1.45569e-09 4.60382e-12
1308.17 7.38737e-10 3.12966e-12
1697.21 3.37298e-10 1.59373e-12
2201.96 1.71915e-10 1.2083e-12
2856.81 8.42058e-11 6.60606e-13
3706.4 3.9274e-11 4.50615e-13
4808.67 2.153e-11 2.5582e-13
6238.74 1.51502e-11 1.83927e-13
8094.1 1.22817e-11 1.49752e-13
10501.2 8.25319e-12 1.01997e-13
13624.2 5.02462e-12 6.4238e-14
17676 2.72664e-12 4.26872e-14
22932.8 1.43459e-12 2.35233e-14
29752.8 8.8739e-13 1.72393e-14
38601.2 5.40874e-13 1.10342e-14
50080.9 2.73969e-13 6.81037e-15
64974.7 1.69058e-13 4.27285e-15
84297.8 1.34178e-13 3.29774e-15
109367 1.17185e-13 2.83006e-15
141893 1.21517e-13 2.58221e-15
184091 9.39036e-14 1.98155e-15
238838 6.6023e-14 1.51549e-15
309868 4.05045e-14 9.96117e-16
402020 1.96245e-14 6.64501e-16
521579 9.39029e-15 3.43797e-16
676694 4.25007e-15 2.06021e-16
877938 1.94467e-15 1.54492e-16
