3.368030000000000257e+01 1.007960000000000087e-06 5.051779999999999692e-09
4.245060000000000144e+01 5.979899999999999701e-07 1.784100000000000074e-09
5.350469999999999970e+01 3.538600000000000200e-07 1.240070000000000041e-09
6.743739999999999668e+01 2.129750000000000128e-07 6.953829999999999550e-10
8.499809999999999377e+01 1.281410000000000090e-07 4.789229999999999601e-10
1.071320000000000050e+02 8.222349999999999508e-08 2.288640000000000071e-10
1.350289999999999964e+02 5.333870000000000235e-08 1.925000000000000073e-10
1.701899999999999977e+02 3.202570000000000202e-08 9.239269999999999828e-11
2.145080000000000098e+02 1.939350000000000091e-08 8.129679999999999424e-11
2.703650000000000091e+02 1.200160000000000041e-08 3.720159999999999771e-11
3.407690000000000055e+02 7.370979999999999707e-09 2.798979999999999934e-11
4.295049999999999955e+02 4.461719999999999767e-09 1.587519999999999924e-11
5.413479999999999563e+02 2.649700000000000063e-09 1.131450000000000071e-11
6.823150000000000546e+02 1.468040000000000030e-09 7.077790000000000278e-12
8.599900000000000091e+02 8.495620000000000282e-10 4.536469999999999955e-12
1.083930000000000064e+03 5.166780000000000019e-10 3.184510000000000130e-12
1.366190000000000055e+03 2.977300000000000151e-10 1.832570000000000137e-12
1.721940000000000055e+03 1.650160000000000069e-10 1.304170000000000086e-12
2.170340000000000146e+03 9.725480000000000520e-11 6.972030000000000131e-13
2.735489999999999782e+03 5.843690000000000114e-11 5.812300000000000386e-13
3.447809999999999945e+03 3.445219999999999814e-11 2.891740000000000056e-13
4.345619999999999891e+03 2.018429999999999913e-11 2.592810000000000036e-13
5.477229999999999563e+03 1.236180000000000010e-11 1.295099999999999954e-13
6.903500000000000000e+03 7.564259999999999517e-12 1.207920000000000017e-13
8.701170000000000073e+03 4.408879999999999688e-12 6.154189999999999447e-14
1.096700000000000000e+04 2.595960000000000179e-12 5.123630000000000151e-14
1.382270000000000073e+04 1.537860000000000073e-12 2.650980000000000017e-14
1.742220000000000073e+04 9.211130000000000152e-13 2.375860000000000074e-14
2.195890000000000146e+04 5.088859999999999785e-13 1.147159999999999968e-14
2.767700000000000000e+04 2.849110000000000166e-13 9.208820000000000413e-15
3.488409999999999854e+04 1.561489999999999994e-13 5.477900000000000127e-15
4.396800000000000000e+04 8.350460000000000246e-14 3.390919999999999888e-15
5.541719999999999709e+04 4.530259999999999899e-14 2.830809999999999943e-15
6.984789999999999418e+04 2.298250000000000140e-14 1.412010000000000042e-15
8.803630000000000291e+04 1.184210000000000048e-14 1.190889999999999912e-15
1.109610000000000000e+05 5.978959999999999635e-15 6.348499999999999522e-16
1.398550000000000000e+05 2.944620000000000110e-15 4.369079999999999989e-16
1.762730000000000000e+05 1.653380000000000057e-15 3.680980000000000207e-16
2.221750000000000000e+05 3.598610000000000113e-16 7.757030000000000146e-16
2.800290000000000000e+05 6.231279999999999710e-17 3.298210000000000202e-16
3.529490000000000000e+05 1.145420000000000027e-17 9.663650000000000498e-17
4.448570000000000000e+05 2.072519999999999816e-18 2.400339999999999971e-17
5.606980000000000000e+05 3.765660000000000191e-19 5.545740000000000198e-18
7.067040000000000000e+05 6.834459999999999897e-20 1.221509999999999943e-18
8.907290000000000000e+05 1.240769999999999949e-20 2.607910000000000035e-19
1.000000000000000000e+06 5.286667219620781448e-21 0.000000000000000000e+00
2.000000000000000000e+06 3.189967692762627772e-23 0.000000000000000000e+00
3.000000000000000000e+06 1.605177384537423491e-24 0.000000000000000000e+00
