34.171 5.42772e-06 3.23012e-09
44.3332 2.58466e-06 1.00552e-09
57.5177 1.24076e-06 7.32011e-10
74.6231 5.5931e-07 3.73148e-10
96.8155 2.35619e-07 2.38505e-10
125.608 1.23016e-07 1.34048e-10
162.963 7.30673e-08 1.00981e-10
211.427 3.82697e-08 5.71339e-11
274.305 1.9407e-08 3.90889e-11
355.881 1.04295e-08 2.26521e-11
461.718 5.67964e-09 1.62363e-11
599.03 2.98395e-09 9.29197e-12
777.179 1.5598e-09 6.69817e-12
1008.31 7.67373e-10 3.62598e-12
1308.17 3.94424e-10 2.6364e-12
1697.21 1.98897e-10 1.48486e-12
2201.96 9.2335e-11 1.01913e-12
2856.81 4.56412e-11 5.36741e-13
3706.4 2.69827e-11 3.85396e-13
4808.67 1.78757e-11 2.59543e-13
6238.74 1.2163e-11 1.71806e-13
8094.1 9.03312e-12 1.27346e-13
10501.2 6.03628e-12 8.61743e-14
13624.2 3.68494e-12 5.40319e-14
17676 2.0593e-12 3.56382e-14
22932.8 1.12807e-12 2.03722e-14
29752.8 6.62186e-13 1.41215e-14
38601.2 3.90792e-13 8.70264e-15
50080.9 2.21931e-13 5.85656e-15
64974.7 1.33648e-13 3.6418e-15
84297.8 8.83054e-14 2.66551e-15
109367 6.08601e-14 1.8677e-15
141893 4.74936e-14 1.51552e-15
184091 3.29357e-14 1.08398e-15
238838 2.04819e-14 8.00183e-16
309868 1.02785e-14 4.40315e-16
402020 4.21985e-15 2.62265e-16
521579 1.9475e-15 1.2962e-16
676694 9.41468e-16 7.84302e-17
877938 4.51027e-16 6.14223e-17
