34.171 1.04882e-05 4.25856e-09
44.3332 4.61253e-06 1.23481e-09
57.5177 2.05521e-06 8.69598e-10
74.6231 8.32054e-07 4.07561e-10
96.8155 3.0301e-07 2.38545e-10
125.608 1.47636e-07 1.26703e-10
162.963 8.64985e-08 9.82773e-11
211.427 4.51852e-08 5.61061e-11
274.305 2.33792e-08 4.0458e-11
355.881 1.26295e-08 2.36468e-11
461.718 7.03448e-09 1.74318e-11
599.03 3.9357e-09 1.04557e-11
777.179 2.23514e-09 7.66421e-12
1008.31 1.18091e-09 4.41156e-12
1308.17 5.7971e-10 3.00321e-12
1697.21 2.90537e-10 1.62927e-12
2201.96 1.58155e-10 1.1776e-12
2856.81 8.69813e-11 6.85651e-13
3706.4 4.97045e-11 4.76014e-13
4808.67 3.09827e-11 3.05365e-13
6238.74 2.00112e-11 2.10786e-13
8094.1 1.36793e-11 1.46931e-13
10501.2 8.44787e-12 9.88456e-14
13624.2 5.03327e-12 6.13329e-14
17676 2.79225e-12 4.13779e-14
22932.8 1.44524e-12 2.24156e-14
29752.8 8.74235e-13 1.60514e-14
38601.2 5.72651e-13 1.0921e-14
50080.9 3.42837e-13 7.51024e-15
64974.7 2.01984e-13 4.55242e-15
84297.8 1.37697e-13 3.41934e-15
109367 9.78428e-14 2.49782e-15
141893 6.09571e-14 1.74949e-15
184091 3.54897e-14 1.06264e-15
238838 2.29525e-14 8.29843e-16
309868 1.19809e-14 4.73792e-16
402020 5.08146e-15 2.87752e-16
521579 2.38047e-15 1.44028e-16
676694 1.15042e-15 8.6473e-17
877938 5.52603e-16 6.78777e-17
