34.171 3.05637e-06 2.76052e-09
44.3332 1.8071e-06 1.02937e-09
57.5177 1.08517e-06 7.39001e-10
74.6231 5.74965e-07 4.16074e-10
96.8155 2.72705e-07 2.53429e-10
125.608 1.47598e-07 1.45439e-10
162.963 8.31972e-08 1.01546e-10
211.427 4.3647e-08 5.68644e-11
274.305 2.30819e-08 3.88941e-11
355.881 1.30645e-08 2.33946e-11
461.718 7.48384e-09 1.67388e-11
599.03 4.04451e-09 9.71142e-12
777.179 2.18323e-09 6.92879e-12
1008.31 1.13824e-09 3.95603e-12
1308.17 5.812e-10 2.83747e-12
1697.21 2.77784e-10 1.50895e-12
2201.96 1.36229e-10 1.08245e-12
2856.81 6.75524e-11 5.85448e-13
3706.4 3.28534e-11 3.84918e-13
4808.67 1.9598e-11 2.34423e-13
6238.74 1.52625e-11 1.72268e-13
8094.1 1.25974e-11 1.41185e-13
10501.2 8.18186e-12 9.22001e-14
13624.2 5.09765e-12 5.90166e-14
17676 2.86377e-12 3.93719e-14
22932.8 1.50961e-12 2.17285e-14
29752.8 8.96254e-13 1.54577e-14
38601.2 5.47213e-13 9.86435e-15
50080.9 3.08782e-13 6.58381e-15
64974.7 1.84731e-13 4.03913e-15
84297.8 1.28253e-13 2.96932e-15
109367 1.03467e-13 2.39912e-15
141893 9.67442e-14 2.14756e-15
184091 6.86745e-14 1.54705e-15
238838 4.34134e-14 1.12378e-15
309868 2.42087e-14 6.6729e-16
402020 1.12739e-14 4.08804e-16
521579 5.59639e-15 2.1269e-16
676694 2.80475e-15 1.23068e-16
877938 1.40306e-15 1.00218e-16
