34.171 2.28104e-06 3.19134e-09
44.3332 1.16585e-06 1.03184e-09
57.5177 5.9506e-07 6.4623e-10
74.6231 2.99464e-07 3.42247e-10
96.8155 1.4913e-07 2.06864e-10
125.608 8.29176e-08 1.19837e-10
162.963 4.83542e-08 8.07317e-11
211.427 2.61148e-08 4.60794e-11
274.305 1.39781e-08 3.13246e-11
355.881 7.35625e-09 1.78041e-11
461.718 3.77555e-09 1.23128e-11
599.03 1.97602e-09 7.02383e-12
777.179 1.01167e-09 4.94079e-12
1008.31 5.11807e-10 2.70819e-12
1308.17 2.72532e-10 1.92637e-12
1697.21 1.44299e-10 1.09914e-12
2201.96 7.3054e-11 7.3245e-13
2856.81 4.33214e-11 4.52446e-13
3706.4 2.69947e-11 3.1364e-13
4808.67 1.62092e-11 1.91523e-13
6238.74 1.04971e-11 1.28836e-13
8094.1 7.19641e-12 8.96153e-14
10501.2 4.48039e-12 6.0027e-14
13624.2 2.62599e-12 3.66965e-14
17676 1.43027e-12 2.46537e-14
22932.8 7.28514e-13 1.34008e-14
29752.8 3.88015e-13 9.23528e-15
38601.2 2.1624e-13 5.57892e-15
50080.9 1.06013e-13 3.71862e-15
64974.7 5.09684e-14 1.94811e-15
84297.8 2.86583e-14 1.50016e-15
109367 1.47567e-14 8.75459e-16
141893 5.77127e-15 5.31327e-16
184091 2.5847e-15 2.59547e-16
238838 1.53791e-15 2.06268e-16
309868 8.41462e-16 1.20729e-16
402020 4.08685e-16 7.47449e-17
521579 2.5941e-16 4.74435e-17
676694 2.08954e-16 2.99767e-17
877938 1.61689e-16 3.64918e-17
