56.2289 6.83755e-07 1.67255e-09
71.1114 4.36476e-07 6.59398e-10
89.9329 2.79292e-07 3.98411e-10
113.736 1.68791e-07 2.40891e-10
143.839 9.57607e-08 1.45197e-10
181.91 5.67609e-08 8.8243e-11
230.058 3.49773e-08 6.15644e-11
290.949 2.04359e-08 3.79016e-11
367.956 1.1528e-08 2.70169e-11
465.346 6.18807e-09 1.58656e-11
588.512 3.15459e-09 1.14482e-11
744.277 1.58637e-09 6.42133e-12
941.27 7.60779e-10 4.53329e-12
1190.4 4.17295e-10 2.6617e-12
1505.47 2.61309e-10 2.0739e-12
1903.94 1.5083e-10 1.2661e-12
2407.87 8.21785e-11 8.53775e-13
3045.17 5.05611e-11 5.46006e-13
3851.16 3.11552e-11 3.79761e-13
4870.47 2.06313e-11 2.57045e-13
6159.57 1.37211e-11 1.82255e-13
7789.86 9.06803e-12 1.22851e-13
9851.66 6.05466e-12 8.96354e-14
12459.2 3.76973e-12 5.80444e-14
15756.8 2.2024e-12 4.0894e-14
19927.3 1.25479e-12 2.46933e-14
25201.6 6.84864e-13 1.70474e-14
31871.8 3.90811e-13 1.01917e-14
40307.6 2.45148e-13 7.48291e-15
50976 1.6491e-13 5.17197e-15
64468.2 1.21258e-13 4.10662e-15
81531.5 8.29367e-14 2.89173e-15
103111 5.42085e-14 2.16979e-15
130402 3.40396e-14 1.42783e-15
164916 2.03405e-14 1.04345e-15
208566 1.22391e-14 6.57557e-16
263768 7.24007e-15 4.6094e-16
333582 4.60703e-15 2.96301e-16
421873 3.14245e-15 1.8946e-16
533533 2.11738e-15 2.04747e-16
