3.368030000000000257e+01 5.599100000000000314e-06 1.965110000000000052e-09
4.245060000000000144e+01 3.179039999999999805e-06 6.676739999999999631e-10
5.350469999999999970e+01 1.845209999999999991e-06 5.514630000000000012e-10
6.743739999999999668e+01 9.221939999999999792e-07 2.855250000000000040e-10
8.499809999999999377e+01 3.996310000000000135e-07 1.919799999999999926e-10
1.071320000000000050e+02 2.372890000000000015e-07 9.332539999999999652e-11
1.350289999999999964e+02 1.385920000000000012e-07 8.053700000000000065e-11
1.701899999999999977e+02 8.236029999999999403e-08 4.007900000000000320e-11
2.145080000000000098e+02 4.899960000000000024e-08 3.566760000000000203e-11
2.703650000000000091e+02 2.748070000000000003e-08 1.631829999999999924e-11
3.407690000000000055e+02 1.563269999999999876e-08 1.191729999999999972e-11
4.295049999999999955e+02 9.008059999999999600e-09 6.901250000000000305e-12
5.413479999999999563e+02 5.227700000000000052e-09 4.884819999999999778e-12
6.823150000000000546e+02 3.161539999999999817e-09 3.398079999999999996e-12
8.599900000000000091e+02 1.787230000000000041e-09 2.188669999999999801e-12
1.083930000000000064e+03 9.254010000000000390e-10 1.529419999999999960e-12
1.366190000000000055e+03 4.976270000000000436e-10 8.598519999999999595e-13
1.721940000000000055e+03 2.684700000000000045e-10 6.675549999999999762e-13
2.170340000000000146e+03 1.514780000000000119e-10 3.560720000000000099e-13
2.735489999999999782e+03 8.749509999999999702e-11 3.072849999999999877e-13
3.447809999999999945e+03 4.788710000000000181e-11 1.501260000000000007e-13
4.345619999999999891e+03 2.565640000000000122e-11 1.296650000000000084e-13
5.477229999999999563e+03 1.589880000000000007e-11 6.594450000000000492e-14
6.903500000000000000e+03 9.643189999999999828e-12 6.120769999999999626e-14
8.701170000000000073e+03 5.879280000000000369e-12 3.159569999999999708e-14
1.096700000000000000e+04 3.576920000000000070e-12 2.683910000000000021e-14
1.382270000000000073e+04 2.155860000000000065e-12 1.363989999999999983e-14
1.742220000000000073e+04 1.283480000000000101e-12 1.191339999999999988e-14
2.195890000000000146e+04 8.375749999999999929e-13 6.148790000000000267e-15
2.767700000000000000e+04 5.377710000000000115e-13 4.945569999999999620e-15
3.488409999999999854e+04 3.572410000000000224e-13 3.422170000000000149e-15
4.396800000000000000e+04 2.473359999999999974e-13 2.088140000000000045e-15
5.541719999999999709e+04 1.680400000000000090e-13 1.992589999999999903e-15
6.984789999999999418e+04 1.228180000000000074e-13 1.043670000000000056e-15
8.803630000000000291e+04 8.574380000000000619e-14 8.935319999999999814e-16
1.109610000000000000e+05 7.345489999999999380e-14 6.957330000000000188e-16
1.398550000000000000e+05 6.636179999999999850e-14 4.832009999999999605e-16
1.762730000000000000e+05 6.401209999999999742e-14 5.208429999999999518e-16
2.221750000000000000e+05 3.992150000000000311e-14 3.138019999999999762e-16
2.800290000000000000e+05 2.174580000000000085e-14 1.567259999999999902e-16
3.529490000000000000e+05 1.215549999999999961e-14 9.696840000000000551e-17
4.448570000000000000e+05 6.760950000000000338e-15 6.654269999999999953e-17
5.606980000000000000e+05 3.764080000000000216e-15 4.635139999999999820e-17
7.067040000000000000e+05 2.095220000000000153e-15 3.163329999999999946e-17
8.907290000000000000e+05 1.166310000000000013e-15 2.105149999999999926e-17
1.000000000000000000e+06 8.701722011111942986e-16 0.000000000000000000e+00
2.000000000000000000e+06 1.505251626859049684e-16 0.000000000000000000e+00
3.000000000000000000e+06 5.393491035159634623e-17 0.000000000000000000e+00
