34.171 5.52594e-06 3.12357e-09
44.3332 2.9674e-06 1.06798e-09
57.5177 1.61715e-06 7.51318e-10
74.6231 7.87542e-07 3.96478e-10
96.8155 3.4595e-07 2.36654e-10
125.608 1.86934e-07 1.36501e-10
162.963 1.11793e-07 1.02505e-10
211.427 5.93819e-08 5.90861e-11
274.305 3.033e-08 4.15552e-11
355.881 1.6144e-08 2.40297e-11
461.718 8.86235e-09 1.78021e-11
599.03 4.78683e-09 1.04803e-11
777.179 2.5536e-09 7.67871e-12
1008.31 1.26829e-09 4.26756e-12
1308.17 5.83504e-10 2.93569e-12
1697.21 2.69845e-10 1.49571e-12
2201.96 1.44955e-10 1.123e-12
2856.81 7.92506e-11 6.62701e-13
3706.4 3.9981e-11 4.37724e-13
4808.67 2.20328e-11 2.50999e-13
6238.74 1.37833e-11 1.7388e-13
8094.1 9.46329e-12 1.21772e-13
10501.2 6.01187e-12 8.2362e-14
13624.2 3.66632e-12 5.18952e-14
17676 2.08324e-12 3.48322e-14
22932.8 1.16834e-12 2.03292e-14
29752.8 7.29026e-13 1.47464e-14
38601.2 4.59377e-13 9.66986e-15
50080.9 2.64374e-13 6.52047e-15
64974.7 1.61871e-13 4.07845e-15
84297.8 1.16996e-13 3.05487e-15
109367 9.41022e-14 2.45834e-15
141893 7.76272e-14 1.96555e-15
184091 5.25093e-14 1.33912e-15
238838 3.68484e-14 1.01971e-15
309868 2.18219e-14 6.37417e-16
402020 9.78674e-15 3.7102e-16
521579 4.74947e-15 1.88212e-16
676694 2.3938e-15 1.08433e-16
877938 1.19776e-15 8.82706e-17
