34.171 1.66103e-06 3.46678e-09
44.3332 9.36658e-07 1.22264e-09
57.5177 5.30327e-07 7.63681e-10
74.6231 2.794e-07 4.18423e-10
96.8155 1.4081e-07 2.52892e-10
125.608 8.15321e-08 1.51801e-10
162.963 4.9594e-08 1.04162e-10
211.427 2.8301e-08 6.19389e-11
274.305 1.60986e-08 4.22079e-11
355.881 8.88878e-09 2.48473e-11
461.718 4.74513e-09 1.72725e-11
599.03 2.44474e-09 9.60693e-12
777.179 1.26914e-09 6.66056e-12
1008.31 7.62509e-10 4.22845e-12
1308.17 4.50216e-10 2.99742e-12
1697.21 2.13706e-10 1.56538e-12
2201.96 1.02425e-10 1.09703e-12
2856.81 5.30737e-11 6.14543e-13
3706.4 2.91708e-11 4.40355e-13
4808.67 1.6766e-11 2.59475e-13
6238.74 1.12555e-11 1.7392e-13
8094.1 9.07698e-12 1.40138e-13
10501.2 6.23417e-12 9.57381e-14
13624.2 3.78825e-12 6.02297e-14
17676 2.03196e-12 4.01717e-14
22932.8 1.01097e-12 2.13166e-14
29752.8 5.67689e-13 1.54059e-14
38601.2 3.07801e-13 9.13822e-15
50080.9 1.38367e-13 5.78696e-15
64974.7 6.62825e-14 3.02029e-15
84297.8 3.66423e-14 2.26646e-15
109367 1.94256e-14 1.30223e-15
141893 9.63778e-15 8.66797e-16
184091 5.34497e-15 5.03437e-16
238838 3.74209e-15 4.01981e-16
309868 2.58068e-15 2.86707e-16
402020 1.72463e-15 2.18842e-16
521579 1.02608e-15 1.34618e-16
676694 5.45435e-16 8.15297e-17
877938 2.96067e-16 7.19866e-17
