3.368030000000000257e+01 1.970290000000000155e-06 4.728740000000000361e-09
4.245060000000000144e+01 9.947689999999999789e-07 1.430920000000000059e-09
5.350469999999999970e+01 5.000119999999999910e-07 1.070770000000000015e-09
6.743739999999999668e+01 2.592919999999999901e-07 5.540450000000000239e-10
8.499809999999999377e+01 1.308169999999999994e-07 3.927879999999999779e-10
1.071320000000000050e+02 8.768830000000000045e-08 1.954290000000000083e-10
1.350289999999999964e+02 5.913750000000000263e-08 1.692850000000000001e-10
1.701899999999999977e+02 3.677780000000000260e-08 8.162259999999999998e-11
2.145080000000000098e+02 2.315049999999999941e-08 7.307469999999999841e-11
2.703650000000000091e+02 1.410860000000000068e-08 3.338569999999999980e-11
3.407690000000000055e+02 8.597750000000000011e-09 2.513170000000000044e-11
4.295049999999999955e+02 5.058010000000000404e-09 1.438720000000000073e-11
5.413479999999999563e+02 2.960520000000000030e-09 1.020830000000000044e-11
6.823150000000000546e+02 1.671550000000000085e-09 6.652299999999999836e-12
8.599900000000000091e+02 9.563290000000000380e-10 4.263150000000000065e-12
1.083930000000000064e+03 5.532339999999999943e-10 3.020590000000000158e-12
1.366190000000000055e+03 3.139520000000000032e-10 1.731110000000000083e-12
1.721940000000000055e+03 1.745549999999999985e-10 1.267259999999999994e-12
2.170340000000000146e+03 1.025469999999999975e-10 6.789849999999999588e-13
2.735489999999999782e+03 6.138189999999999718e-11 5.694410000000000169e-13
3.447809999999999945e+03 3.612750000000000010e-11 2.823579999999999768e-13
4.345619999999999891e+03 2.100209999999999913e-11 2.507470000000000018e-13
5.477229999999999563e+03 1.327009999999999937e-11 1.258430000000000122e-13
6.903500000000000000e+03 8.323869999999999751e-12 1.181820000000000007e-13
8.701170000000000073e+03 5.018119999999999624e-12 6.001400000000000055e-14
1.096700000000000000e+04 3.045779999999999973e-12 5.076940000000000175e-14
1.382270000000000073e+04 1.824050000000000089e-12 2.604689999999999969e-14
1.742220000000000073e+04 1.100919999999999917e-12 2.327559999999999980e-14
2.195890000000000146e+04 6.414109999999999616e-13 1.143990000000000037e-14
2.767700000000000000e+04 3.761430000000000160e-13 9.234079999999999565e-15
3.488409999999999854e+04 2.174799999999999982e-13 5.715530000000000007e-15
4.396800000000000000e+04 1.235750000000000061e-13 3.473430000000000118e-15
5.541719999999999709e+04 7.100639999999999671e-14 3.010030000000000122e-15
6.984789999999999418e+04 3.866909999999999878e-14 1.449419999999999993e-15
8.803630000000000291e+04 2.117530000000000154e-14 1.220400000000000070e-15
1.109610000000000000e+05 1.194529999999999947e-14 6.584460000000000107e-16
1.398550000000000000e+05 6.829140000000000367e-15 3.863119999999999948e-16
1.762730000000000000e+05 3.818409999999999662e-15 2.961460000000000202e-16
2.221750000000000000e+05 2.435470000000000110e-15 1.825509999999999957e-16
2.800290000000000000e+05 1.616360000000000098e-15 1.055419999999999951e-16
3.529490000000000000e+05 1.064970000000000027e-15 7.160550000000000313e-17
4.448570000000000000e+05 7.026120000000000266e-16 5.616490000000000226e-17
5.606980000000000000e+05 4.634329999999999714e-16 4.604359999999999742e-17
7.067040000000000000e+05 3.056880000000000085e-16 3.739409999999999734e-17
8.907290000000000000e+05 2.016349999999999967e-16 2.968149999999999725e-17
1.000000000000000000e+06 1.637604372029897205e-16 0.000000000000000000e+00
2.000000000000000000e+06 4.709339729649558300e-17 0.000000000000000000e+00
3.000000000000000000e+06 2.271693166870916942e-17 0.000000000000000000e+00
