34.171 3.46476e-06 3.15421e-09
44.3332 1.84774e-06 1.06718e-09
57.5177 9.9928e-07 7.24855e-10
74.6231 4.68799e-07 3.74509e-10
96.8155 1.94795e-07 2.25638e-10
125.608 1.0251e-07 1.27383e-10
162.963 6.0962e-08 9.56087e-11
211.427 3.3925e-08 5.65136e-11
274.305 1.89834e-08 3.97397e-11
355.881 1.06027e-08 2.36473e-11
461.718 5.89161e-09 1.67712e-11
599.03 3.16131e-09 9.63241e-12
777.179 1.74059e-09 6.87493e-12
1008.31 1.03674e-09 4.36909e-12
1308.17 5.64632e-10 3.0258e-12
1697.21 2.61842e-10 1.55766e-12
2201.96 1.28444e-10 1.13294e-12
2856.81 6.49115e-11 6.27528e-13
3706.4 3.32955e-11 4.42104e-13
4808.67 1.8824e-11 2.57266e-13
6238.74 1.29961e-11 1.78062e-13
8094.1 1.05458e-11 1.44518e-13
10501.2 7.16417e-12 9.80782e-14
13624.2 4.40562e-12 6.21464e-14
17676 2.42449e-12 4.14215e-14
22932.8 1.27286e-12 2.2781e-14
29752.8 7.73569e-13 1.64995e-14
38601.2 4.65956e-13 1.04857e-14
50080.9 2.37257e-13 6.64185e-15
64974.7 1.35552e-13 3.91785e-15
84297.8 9.15086e-14 2.85244e-15
109367 7.10557e-14 2.21908e-15
141893 6.6893e-14 1.97126e-15
184091 4.77969e-14 1.42546e-15
238838 3.213e-14 1.09642e-15
309868 1.79787e-14 6.75304e-16
402020 7.545e-15 4.20549e-16
521579 3.43033e-15 2.09087e-16
676694 1.59018e-15 1.31959e-16
877938 7.34319e-16 9.99826e-17
