34.171 1.05361e-05 3.9556e-09
44.3332 4.55246e-06 1.14407e-09
57.5177 1.99441e-06 8.44838e-10
74.6231 8.10181e-07 4.0395e-10
96.8155 2.99458e-07 2.47945e-10
125.608 1.45633e-07 1.31765e-10
162.963 8.33454e-08 1.0023e-10
211.427 3.90269e-08 5.26823e-11
274.305 1.73403e-08 3.55484e-11
355.881 8.76461e-09 1.97542e-11
461.718 4.64044e-09 1.44651e-11
599.03 2.61586e-09 8.89996e-12
777.179 1.43863e-09 6.71842e-12
1008.31 6.04481e-10 3.26361e-12
1308.17 2.72108e-10 2.39765e-12
1697.21 1.23569e-10 1.20381e-12
2201.96 6.34807e-11 8.62392e-13
2856.81 4.42442e-11 6.20126e-13
3706.4 2.83604e-11 4.03018e-13
4808.67 1.85871e-11 2.63316e-13
6238.74 1.29294e-11 1.75961e-13
8094.1 9.1591e-12 1.24541e-13
10501.2 5.86403e-12 8.24652e-14
13624.2 3.60307e-12 5.20017e-14
17676 2.08429e-12 3.48587e-14
22932.8 1.13375e-12 1.97633e-14
29752.8 6.66197e-13 1.37459e-14
38601.2 4.1694e-13 8.87907e-15
50080.9 2.69206e-13 6.33549e-15
64974.7 1.72794e-13 4.13056e-15
84297.8 1.28175e-13 3.17008e-15
109367 9.59386e-14 2.43703e-15
141893 5.42816e-14 1.60433e-15
184091 2.8825e-14 8.97752e-16
238838 1.82217e-14 7.08889e-16
309868 9.09201e-15 3.88652e-16
402020 3.7217e-15 2.29241e-16
521579 1.73396e-15 1.14321e-16
676694 8.45854e-16 6.97631e-17
877938 4.08952e-16 5.51363e-17
