58.235        6.71356e-07    1.38208e-09
79.6447       3.04849e-07    5.75365e-10
108.925       1.40378e-07    2.65583e-10
148.971       7.05141e-08    1.32434e-10
203.739       3.55959e-08    7.17677e-11
278.643       1.72213e-08    4.37665e-11
381.084       7.68243e-09    2.19951e-11
521.186       3.2928e-09     1.34565e-11
712.797       1.35582e-09    7.66713e-12
974.851       5.55092e-10    3.64588e-12
1333.25       2.74301e-10    2.15853e-12
1823.41       1.35157e-10    1.2586e-12 
2493.77       5.38506e-11    7.03167e-13
3410.59       2.63295e-11    4.03906e-13
4664.47       1.41698e-11    2.35935e-13
6379.32       7.51677e-12    1.38699e-13
8724.63       3.59126e-12    7.94434e-14
11932.2       1.75914e-12    4.58799e-14
16319 	      8.55566e-13    2.65131e-14
22318.5       3.78686e-13    1.49893e-14
30523.8       1.81616e-13    8.55179e-15
41745.6       7.18216e-14    4.72588e-15
57093.1       3.94341e-14    2.84174e-15
78083 	      1.64761e-14    1.60118e-15
106790 	      7.78264e-15    9.28067e-16
146050 	      2.20539e-15    4.95753e-16
199744 	      1.38052e-15    2.93498e-16
273179 	      5.30881e-16    1.67745e-16
373611 	      1.94229e-16    1.01755e-16
510967	      9.40036e-17    5.41233e-17
