34.171 1.11343e-05 4.73821e-09
44.3332 5.36971e-06 1.48475e-09
57.5177 2.62575e-06 1.06628e-09
74.6231 1.16393e-06 5.23825e-10
96.8155 4.60853e-07 2.96953e-10
125.608 2.47712e-07 1.6816e-10
162.963 1.63965e-07 1.28409e-10
211.427 9.31343e-08 7.72061e-11
274.305 5.084e-08 5.39412e-11
355.881 2.83453e-08 3.21873e-11
461.718 1.55348e-08 2.28361e-11
599.03 9.59574e-09 1.47977e-11
777.179 6.91745e-09 1.24598e-11
1008.31 3.79819e-09 7.50216e-12
1308.17 1.63651e-09 4.71219e-12
1697.21 7.44074e-10 2.38994e-12
2201.96 3.59757e-10 1.69249e-12
2856.81 1.89768e-10 9.54939e-13
3706.4 1.10238e-10 6.88646e-13
4808.67 7.39839e-11 4.72739e-13
6238.74 5.59701e-11 3.60861e-13
8094.1 4.15225e-11 2.70544e-13
10501.2 2.60567e-11 1.82001e-13
13624.2 1.6332e-11 1.17619e-13
17676 9.72323e-12 8.14399e-14
22932.8 5.41164e-12 4.69457e-14
29752.8 3.61899e-12 3.57837e-14
38601.2 2.33533e-12 2.4265e-14
50080.9 1.24984e-12 1.61509e-14
64974.7 6.17963e-13 8.55353e-15
84297.8 3.22227e-13 5.84769e-15
109367 1.87218e-13 3.63238e-15
141893 9.87005e-14 2.44855e-15
184091 5.21782e-14 1.36998e-15
238838 3.1711e-14 1.02353e-15
309868 1.92729e-14 6.50142e-16
402020 1.20667e-14 4.75795e-16
521579 7.17107e-15 2.88654e-16
676694 4.00689e-15 1.66538e-16
877938 2.26439e-15 1.52117e-16
