3.368030000000000257e+01 1.681339999999999940e-06 6.729799999999999653e-09
4.245060000000000144e+01 9.207580000000000450e-07 2.199309999999999925e-09
5.350469999999999970e+01 5.023140000000000072e-07 1.557009999999999982e-09
6.743739999999999668e+01 2.812600000000000185e-07 8.269539999999999549e-10
8.499809999999999377e+01 1.554240000000000026e-07 5.511670000000000469e-10
1.071320000000000050e+02 1.023109999999999955e-07 2.648279999999999875e-10
1.350289999999999964e+02 6.900569999999999964e-08 2.227659999999999884e-10
1.701899999999999977e+02 3.893009999999999732e-08 1.019879999999999972e-10
2.145080000000000098e+02 2.240549999999999837e-08 8.614910000000000498e-11
2.703650000000000091e+02 1.362440000000000023e-08 4.060619999999999958e-11
3.407690000000000055e+02 8.208250000000000063e-09 3.065609999999999819e-11
4.295049999999999955e+02 5.013390000000000200e-09 1.744389999999999921e-11
5.413479999999999563e+02 3.005239999999999850e-09 1.250509999999999929e-11
6.823150000000000546e+02 1.709279999999999913e-09 7.814929999999999296e-12
8.599900000000000091e+02 1.011950000000000006e-09 5.093159999999999676e-12
1.083930000000000064e+03 6.306719999999999703e-10 3.586540000000000185e-12
1.366190000000000055e+03 3.703320000000000194e-10 2.095500000000000108e-12
1.721940000000000055e+03 2.091600000000000046e-10 1.508170000000000025e-12
2.170340000000000146e+03 1.228610000000000113e-10 8.079869999999999579e-13
2.735489999999999782e+03 7.250749999999999493e-11 6.699189999999999650e-13
3.447809999999999945e+03 4.394650000000000303e-11 3.381380000000000179e-13
4.345619999999999891e+03 2.641100000000000126e-11 3.065830000000000074e-13
5.477229999999999563e+03 1.678570000000000026e-11 1.554399999999999920e-13
6.903500000000000000e+03 1.068919999999999933e-11 1.486550000000000113e-13
8.701170000000000073e+03 6.239309999999999998e-12 7.567489999999999595e-14
1.096700000000000000e+04 3.693730000000000256e-12 6.331480000000000402e-14
1.382270000000000073e+04 2.102979999999999992e-12 3.204690000000000252e-14
1.742220000000000073e+04 1.217180000000000070e-12 2.800920000000000083e-14
2.195890000000000146e+04 6.619400000000000047e-13 1.339190000000000053e-14
2.767700000000000000e+04 3.612729999999999996e-13 1.054580000000000030e-14
3.488409999999999854e+04 2.031180000000000035e-13 6.372740000000000287e-15
4.396800000000000000e+04 1.179170000000000013e-13 3.983930000000000032e-15
5.541719999999999709e+04 7.022039999999999380e-14 3.584840000000000089e-15
6.984789999999999418e+04 3.380290000000000029e-14 1.671170000000000096e-15
8.803630000000000291e+04 1.692470000000000146e-14 1.359060000000000039e-15
1.109610000000000000e+05 8.522580000000000526e-15 6.971740000000000160e-16
1.398550000000000000e+05 4.305850000000000340e-15 4.515819999999999688e-16
1.762730000000000000e+05 2.208650000000000104e-15 3.411899999999999787e-16
2.221750000000000000e+05 1.013379999999999913e-15 1.887510000000000028e-16
2.800290000000000000e+05 4.505070000000000450e-16 1.365360000000000013e-16
3.529490000000000000e+05 2.015810000000000061e-16 9.201489999999999562e-17
4.448570000000000000e+05 9.007749999999999543e-17 5.583490000000000478e-17
5.606980000000000000e+05 4.026270000000000070e-17 3.168820000000000061e-17
7.067040000000000000e+05 1.799559999999999999e-17 1.720419999999999971e-17
8.907290000000000000e+05 8.043260000000000448e-18 9.056739999999999465e-18
1.000000000000000000e+06 5.377292376267066560e-18 0.000000000000000000e+00
2.000000000000000000e+06 4.820370215323287247e-19 0.000000000000000000e+00
3.000000000000000000e+06 1.175823049007463422e-19 0.000000000000000000e+00
