34.171 4.4688e-06 2.94799e-09
44.3332 2.49023e-06 1.04612e-09
57.5177 1.40572e-06 7.63184e-10
74.6231 7.23434e-07 4.22096e-10
96.8155 3.40676e-07 2.61129e-10
125.608 1.89089e-07 1.53311e-10
162.963 1.13535e-07 1.11766e-10
211.427 6.00094e-08 6.33621e-11
274.305 3.02771e-08 4.24895e-11
355.881 1.63288e-08 2.46389e-11
461.718 8.97585e-09 1.76849e-11
599.03 4.74015e-09 1.01665e-11
777.179 2.49917e-09 7.38779e-12
1008.31 1.19594e-09 3.94283e-12
1308.17 5.73806e-10 2.79794e-12
1697.21 2.83316e-10 1.55322e-12
2201.96 1.35003e-10 1.10818e-12
2856.81 6.39943e-11 5.71185e-13
3706.4 3.41072e-11 4.04455e-13
4808.67 2.1444e-11 2.6172e-13
6238.74 1.43627e-11 1.78636e-13
8094.1 1.05076e-11 1.3153e-13
10501.2 6.97715e-12 9.01527e-14
13624.2 4.22624e-12 5.63324e-14
17676 2.33941e-12 3.72177e-14
22932.8 1.28464e-12 2.13231e-14
29752.8 7.6443e-13 1.48892e-14
38601.2 4.56843e-13 9.24879e-15
50080.9 2.60487e-13 6.10826e-15
64974.7 1.66356e-13 3.97448e-15
84297.8 1.22821e-13 3.00394e-15
109367 9.43462e-14 2.30215e-15
141893 8.36112e-14 1.95335e-15
184091 6.30347e-14 1.4905e-15
238838 4.03646e-14 1.07955e-15
309868 2.23581e-14 6.36016e-16
402020 1.08721e-14 4.07438e-16
521579 5.32837e-15 2.11305e-16
676694 2.50702e-15 1.20838e-16
877938 1.18892e-15 9.35436e-17
