34.171 2.15119e-06 3.72933e-09
44.3332 1.14755e-06 1.25532e-09
57.5177 6.13252e-07 8.05687e-10
74.6231 3.12226e-07 4.30851e-10
96.8155 1.54723e-07 2.58905e-10
125.608 8.79224e-08 1.5323e-10
162.963 5.28105e-08 1.06136e-10
211.427 2.94858e-08 6.25427e-11
274.305 1.63999e-08 4.39371e-11
355.881 8.93508e-09 2.57482e-11
461.718 4.71744e-09 1.80489e-11
599.03 2.50956e-09 1.04054e-11
777.179 1.28889e-09 7.20945e-12
1008.31 6.64391e-10 3.97438e-12
1308.17 3.71676e-10 2.82232e-12
1697.21 1.95375e-10 1.59418e-12
2201.96 9.87095e-11 1.06333e-12
2856.81 5.22408e-11 5.95936e-13
3706.4 2.96956e-11 4.1294e-13
4808.67 1.75349e-11 2.5168e-13
6238.74 1.12099e-11 1.75067e-13
8094.1 7.51903e-12 1.20756e-13
10501.2 4.25092e-12 7.74866e-14
13624.2 2.53601e-12 4.82915e-14
17676 1.46343e-12 3.37227e-14
22932.8 7.44153e-13 1.82602e-14
29752.8 4.12264e-13 1.30544e-14
38601.2 2.15994e-13 7.56531e-15
50080.9 9.56255e-14 4.89388e-15
64974.7 4.41833e-14 2.5256e-15
84297.8 2.28024e-14 1.9162e-15
109367 1.07847e-14 1.02125e-15
141893 4.77792e-15 6.82656e-16
184091 2.47756e-15 3.8781e-16
238838 1.57313e-15 3.36494e-16
309868 6.79992e-16 1.65974e-16
402020 1.87391e-16 7.23112e-17
521579 1.15803e-16 4.46159e-17
676694 1.42674e-16 3.35671e-17
877938 1.58145e-16 5.59799e-17
