34.171 2.59553e-06 4.11575e-09
44.3332 1.29332e-06 1.31389e-09
57.5177 6.4296e-07 8.80808e-10
74.6231 3.19703e-07 4.62973e-10
96.8155 1.60825e-07 2.79282e-10
125.608 9.21148e-08 1.65407e-10
162.963 5.54254e-08 1.10521e-10
211.427 2.98163e-08 6.26795e-11
274.305 1.58186e-08 4.24796e-11
355.881 8.50779e-09 2.45877e-11
461.718 4.47239e-09 1.71393e-11
599.03 2.33941e-09 9.8107e-12
777.179 1.16427e-09 6.83439e-12
1008.31 5.70289e-10 3.63848e-12
1308.17 3.17098e-10 2.7243e-12
1697.21 1.69315e-10 1.5673e-12
2201.96 8.40909e-11 1.02156e-12
2856.81 4.65021e-11 5.90149e-13
3706.4 2.8886e-11 4.15556e-13
4808.67 1.77347e-11 2.6138e-13
6238.74 1.10987e-11 1.76675e-13
8094.1 7.4905e-12 1.22364e-13
10501.2 4.26543e-12 7.84659e-14
13624.2 2.47402e-12 4.71992e-14
17676 1.49603e-12 3.33494e-14
22932.8 7.92433e-13 1.86684e-14
29752.8 4.2799e-13 1.27433e-14
38601.2 2.36604e-13 7.62216e-15
50080.9 1.17267e-13 5.13347e-15
64974.7 5.55877e-14 2.70115e-15
84297.8 2.8038e-14 1.9909e-15
109367 1.33045e-14 1.06902e-15
141893 5.96205e-15 7.32353e-16
184091 2.90285e-15 3.92186e-16
238838 1.50647e-15 2.81574e-16
309868 7.80611e-16 1.57156e-16
402020 3.90306e-16 1.02241e-16
521579 2.25988e-16 5.99521e-17
676694 1.51596e-16 3.59922e-17
877938 9.90732e-17 3.75641e-17
