3.368030000000000257e+01 7.258679999999999932e-06 5.009239999999999961e-09
4.245060000000000144e+01 3.603119999999999987e-06 1.498409999999999999e-09
5.350469999999999970e+01 1.817290000000000095e-06 1.281719999999999995e-09
6.743739999999999668e+01 8.184220000000000476e-07 6.375730000000000275e-10
8.499809999999999377e+01 3.224010000000000029e-07 4.331539999999999809e-10
1.071320000000000050e+02 1.936660000000000085e-07 2.101280000000000110e-10
1.350289999999999964e+02 1.162660000000000036e-07 1.832989999999999943e-10
1.701899999999999977e+02 6.263960000000000194e-08 8.513490000000000552e-11
2.145080000000000098e+02 3.424119999999999959e-08 7.073290000000000449e-11
2.703650000000000091e+02 1.871799999999999926e-08 3.173989999999999888e-11
3.407690000000000055e+02 1.035179999999999976e-08 2.255229999999999873e-11
4.295049999999999955e+02 6.113780000000000367e-09 1.280220000000000052e-11
5.413479999999999563e+02 3.618750000000000144e-09 9.111720000000000680e-12
6.823150000000000546e+02 2.287620000000000006e-09 6.212110000000000275e-12
8.599900000000000091e+02 1.301819999999999957e-09 4.006559999999999843e-12
1.083930000000000064e+03 6.473950000000000169e-10 2.719359999999999835e-12
1.366190000000000055e+03 3.381539999999999988e-10 1.511119999999999926e-12
1.721940000000000055e+03 1.733849999999999911e-10 1.164479999999999901e-12
2.170340000000000146e+03 1.057789999999999999e-10 6.462200000000000475e-13
2.735489999999999782e+03 6.916420000000000452e-11 5.831899999999999616e-13
3.447809999999999945e+03 4.151969999999999725e-11 2.900220000000000036e-13
4.345619999999999891e+03 2.489950000000000149e-11 2.609159999999999759e-13
5.477229999999999563e+03 1.520769999999999870e-11 1.293840000000000119e-13
6.903500000000000000e+03 9.246519999999999661e-12 1.195519999999999989e-13
8.701170000000000073e+03 5.718559999999999818e-12 6.228379999999999811e-14
1.096700000000000000e+04 3.513830000000000185e-12 5.334019999999999848e-14
1.382270000000000073e+04 2.061149999999999957e-12 2.675040000000000017e-14
1.742220000000000073e+04 1.216399999999999946e-12 2.334719999999999883e-14
2.195890000000000146e+04 7.294690000000000495e-13 1.153440000000000062e-14
2.767700000000000000e+04 4.314959999999999922e-13 9.102140000000000028e-15
3.488409999999999854e+04 2.757320000000000210e-13 6.091249999999999730e-15
4.396800000000000000e+04 1.937529999999999975e-13 3.788039999999999920e-15
5.541719999999999709e+04 1.332939999999999922e-13 3.667529999999999860e-15
6.984789999999999418e+04 9.434839999999999459e-14 1.892779999999999963e-15
8.803630000000000291e+04 6.579540000000000255e-14 1.663930000000000002e-15
1.109610000000000000e+05 4.883339999999999869e-14 1.136580000000000021e-15
1.398550000000000000e+05 3.661649999999999852e-14 7.210579999999999915e-16
1.762730000000000000e+05 2.890249999999999978e-14 6.969649999999999765e-16
2.221750000000000000e+05 1.638949999999999860e-14 3.865490000000000222e-16
2.800290000000000000e+05 8.412439999999999885e-15 1.909899999999999983e-16
3.529490000000000000e+05 4.402850000000000142e-15 1.168670000000000115e-16
4.448570000000000000e+05 2.295519999999999877e-15 7.694649999999999959e-17
5.606980000000000000e+05 1.197720000000000064e-15 5.042679999999999733e-17
7.067040000000000000e+05 6.248369999999999609e-16 3.217469999999999875e-17
8.907290000000000000e+05 3.259790000000000063e-16 1.998970000000000080e-17
1.000000000000000000e+06 2.354506960690237050e-16 0.000000000000000000e+00
2.000000000000000000e+06 3.353960004290950640e-17 0.000000000000000000e+00
3.000000000000000000e+06 1.072702983410892646e-17 0.000000000000000000e+00
