34.171 5.60105e-06 3.6348e-09
44.3332 2.96634e-06 1.22944e-09
57.5177 1.59816e-06 8.74246e-10
74.6231 7.37435e-07 4.43595e-10
96.8155 2.93732e-07 2.51859e-10
125.608 1.57629e-07 1.4323e-10
162.963 1.0268e-07 1.11341e-10
211.427 5.74368e-08 6.65227e-11
274.305 3.01391e-08 4.58669e-11
355.881 1.67214e-08 2.71613e-11
461.718 9.41737e-09 1.94006e-11
599.03 5.76006e-09 1.24332e-11
777.179 3.84662e-09 9.71287e-12
1008.31 2.06815e-09 5.63181e-12
1308.17 9.99335e-10 3.74121e-12
1697.21 4.64875e-10 1.95398e-12
2201.96 2.01825e-10 1.28096e-12
2856.81 9.87343e-11 6.78289e-13
3706.4 5.41879e-11 4.84281e-13
4808.67 3.41051e-11 3.11951e-13
6238.74 2.60281e-11 2.34718e-13
8094.1 2.00843e-11 1.81588e-13
10501.2 1.30476e-11 1.22029e-13
13624.2 8.26555e-12 7.94433e-14
17676 4.47946e-12 5.02637e-14
22932.8 2.79411e-12 3.19157e-14
29752.8 2.53245e-12 2.92558e-14
38601.2 1.6499e-12 2.00552e-14
50080.9 7.25651e-13 1.16814e-14
64974.7 3.46521e-13 6.09377e-15
84297.8 1.79548e-13 4.39352e-15
109367 9.44407e-14 2.49602e-15
141893 5.18581e-14 1.80164e-15
184091 2.96463e-14 1.0862e-15
238838 1.75993e-14 7.70611e-16
309868 1.11486e-14 5.01516e-16
402020 7.40974e-15 3.55348e-16
521579 5.09452e-15 2.41506e-16
676694 3.66719e-15 1.44384e-16
877938 2.61908e-15 1.63372e-16
