3.368030000000000257e+01 1.567970000000000083e-06 4.445090000000000001e-09
4.245060000000000144e+01 8.169499999999999667e-07 1.386209999999999910e-09
5.350469999999999970e+01 4.233309999999999941e-07 1.028599999999999943e-09
6.743739999999999668e+01 2.278229999999999880e-07 5.484420000000000382e-10
8.499809999999999377e+01 1.203719999999999876e-07 4.008649999999999904e-10
1.071320000000000050e+02 8.177659999999999655e-08 2.026370000000000107e-10
1.350289999999999964e+02 5.595469999999999745e-08 1.789209999999999966e-10
1.701899999999999977e+02 3.537699999999999974e-08 8.573850000000000590e-11
2.145080000000000098e+02 2.261729999999999964e-08 7.659329999999999595e-11
2.703650000000000091e+02 1.413430000000000071e-08 3.323780000000000283e-11
3.407690000000000055e+02 8.777770000000000388e-09 2.441710000000000104e-11
4.295049999999999955e+02 5.146140000000000181e-09 1.383450000000000047e-11
5.413479999999999563e+02 2.966900000000000167e-09 9.706389999999999801e-12
6.823150000000000546e+02 1.545130000000000019e-09 6.175669999999999675e-12
8.599900000000000091e+02 9.049340000000000310e-10 4.022439999999999973e-12
1.083930000000000064e+03 6.296699999999999566e-10 3.133140000000000118e-12
1.366190000000000055e+03 3.558140000000000185e-10 1.817820000000000023e-12
1.721940000000000055e+03 1.757430000000000051e-10 1.271499999999999984e-12
2.170340000000000146e+03 9.843510000000000008e-11 6.804700000000000277e-13
2.735489999999999782e+03 5.694370000000000262e-11 5.994860000000000166e-13
3.447809999999999945e+03 3.186669999999999709e-11 2.990310000000000109e-13
4.345619999999999891e+03 1.747739999999999902e-11 2.640330000000000019e-13
5.477229999999999563e+03 1.101139999999999971e-11 1.341249999999999965e-13
6.903500000000000000e+03 6.853230000000000274e-12 1.262789999999999964e-13
8.701170000000000073e+03 3.989500000000000318e-12 6.484199999999999775e-14
1.096700000000000000e+04 2.352010000000000194e-12 5.423090000000000170e-14
1.382270000000000073e+04 1.379499999999999928e-12 2.790409999999999997e-14
1.742220000000000073e+04 8.160160000000000037e-13 2.475579999999999888e-14
2.195890000000000146e+04 4.589490000000000066e-13 1.193930000000000056e-14
2.767700000000000000e+04 2.596160000000000219e-13 9.480429999999999318e-15
3.488409999999999854e+04 1.474090000000000033e-13 5.776389999999999974e-15
4.396800000000000000e+04 8.371109999999999507e-14 3.537129999999999950e-15
5.541719999999999709e+04 4.911469999999999796e-14 3.136949999999999826e-15
6.984789999999999418e+04 2.306279999999999918e-14 1.443580000000000079e-15
8.803630000000000291e+04 1.111069999999999968e-14 1.136480000000000079e-15
1.109610000000000000e+05 6.020369999999999651e-15 6.084849999999999666e-16
1.398550000000000000e+05 3.386759999999999836e-15 3.991589999999999943e-16
1.762730000000000000e+05 1.921570000000000181e-15 3.251849999999999780e-16
2.221750000000000000e+05 9.806720000000000524e-16 1.826729999999999955e-16
2.800290000000000000e+05 4.849939999999999879e-16 1.267029999999999952e-16
3.529490000000000000e+05 2.413610000000000086e-16 9.138539999999999446e-17
4.448570000000000000e+05 1.199649999999999930e-16 6.117269999999999806e-17
5.606980000000000000e+05 5.964200000000000358e-17 3.857110000000000271e-17
7.067040000000000000e+05 2.965019999999999959e-17 2.330900000000000131e-17
8.907290000000000000e+05 1.474029999999999852e-17 1.366430000000000055e-17
1.000000000000000000e+06 1.039308556851544999e-17 0.000000000000000000e+00
2.000000000000000000e+06 1.281364845612548311e-18 0.000000000000000000e+00
3.000000000000000000e+06 3.766170272926373788e-19 0.000000000000000000e+00
