3.368030000000000257e+01 1.296089999999999902e-06 5.779590000000000305e-09
4.245060000000000144e+01 7.116639999999999595e-07 1.896160000000000202e-09
5.350469999999999970e+01 3.882680000000000195e-07 1.402629999999999943e-09
6.743739999999999668e+01 2.212580000000000083e-07 7.583719999999999533e-10
8.499809999999999377e+01 1.260620000000000074e-07 5.163430000000000232e-10
1.071320000000000050e+02 8.448520000000000269e-08 2.489709999999999770e-10
1.350289999999999964e+02 5.815839999999999885e-08 2.074439999999999921e-10
1.701899999999999977e+02 3.318759999999999735e-08 9.415519999999999607e-11
2.145080000000000098e+02 1.936929999999999928e-08 7.959089999999999602e-11
2.703650000000000091e+02 1.164000000000000034e-08 3.591699999999999731e-11
3.407690000000000055e+02 6.971110000000000342e-09 2.654379999999999924e-11
4.295049999999999955e+02 4.252949999999999877e-09 1.492410000000000019e-11
5.413479999999999563e+02 2.548290000000000100e-09 1.067499999999999965e-11
6.823150000000000546e+02 1.471150000000000033e-09 6.834789999999999799e-12
8.599900000000000091e+02 8.411999999999999489e-10 4.370669999999999995e-12
1.083930000000000064e+03 4.669510000000000349e-10 3.025589999999999834e-12
1.366190000000000055e+03 2.668409999999999887e-10 1.739029999999999912e-12
1.721940000000000055e+03 1.536770000000000061e-10 1.294370000000000068e-12
2.170340000000000146e+03 9.223309999999999400e-11 6.997000000000000377e-13
2.735489999999999782e+03 5.613579999999999836e-11 5.811539999999999893e-13
3.447809999999999945e+03 3.422540000000000157e-11 2.910250000000000145e-13
4.345619999999999891e+03 2.086270000000000076e-11 2.635590000000000183e-13
5.477229999999999563e+03 1.277409999999999986e-11 1.315969999999999996e-13
6.903500000000000000e+03 7.846129999999999405e-12 1.231939999999999898e-13
8.701170000000000073e+03 4.658180000000000251e-12 6.354820000000000027e-14
1.096700000000000000e+04 2.774860000000000154e-12 5.341089999999999863e-14
1.382270000000000073e+04 1.582459999999999903e-12 2.665709999999999844e-14
1.742220000000000073e+04 9.088040000000000118e-13 2.293159999999999894e-14
2.195890000000000146e+04 5.255420000000000441e-13 1.131459999999999970e-14
2.767700000000000000e+04 3.039010000000000194e-13 9.130779999999999641e-15
3.488409999999999854e+04 1.748800000000000081e-13 5.633760000000000258e-15
4.396800000000000000e+04 9.958330000000000240e-14 3.448100000000000158e-15
5.541719999999999709e+04 5.817520000000000388e-14 3.042099999999999872e-15
6.984789999999999418e+04 2.895220000000000057e-14 1.457080000000000003e-15
8.803630000000000291e+04 1.495609999999999862e-14 1.218579999999999973e-15
1.109610000000000000e+05 7.346099999999999995e-15 6.234069999999999554e-16
1.398550000000000000e+05 3.550830000000000153e-15 4.086489999999999770e-16
1.762730000000000000e+05 1.766819999999999983e-15 3.032760000000000000e-16
2.221750000000000000e+05 7.297149999999999663e-16 1.627719999999999902e-16
2.800290000000000000e+05 2.863539999999999787e-16 1.128899999999999963e-16
3.529490000000000000e+05 1.136010000000000043e-16 6.854349999999999893e-17
4.448570000000000000e+05 4.496219999999999946e-17 3.695849999999999944e-17
5.606980000000000000e+05 1.780459999999999846e-17 1.859070000000000077e-17
7.067040000000000000e+05 7.049669999999999559e-18 8.938939999999999984e-18
8.907290000000000000e+05 2.791359999999999913e-18 4.166839999999999777e-18
1.000000000000000000e+06 1.756458264522715699e-18 0.000000000000000000e+00
2.000000000000000000e+06 1.095360637382912876e-19 0.000000000000000000e+00
3.000000000000000000e+06 2.160877301465905032e-20 0.000000000000000000e+00
