3.368030000000000257e+01 5.196739999999999986e-06 2.910089999999999822e-09
4.245060000000000144e+01 2.644630000000000038e-06 8.903419999999999639e-10
5.350469999999999970e+01 1.375629999999999990e-06 7.455499999999999742e-10
6.743739999999999668e+01 6.130890000000000181e-07 3.702979999999999862e-10
8.499809999999999377e+01 2.332290000000000035e-07 2.469690000000000185e-10
1.071320000000000050e+02 1.353399999999999930e-07 1.210020000000000129e-10
1.350289999999999964e+02 7.626130000000000010e-08 1.040360000000000014e-10
1.701899999999999977e+02 4.599450000000000201e-08 5.229819999999999782e-11
2.145080000000000098e+02 2.754059999999999979e-08 4.670569999999999878e-11
2.703650000000000091e+02 1.599750000000000147e-08 2.118799999999999898e-11
3.407690000000000055e+02 9.371520000000000328e-09 1.562469999999999905e-11
4.295049999999999955e+02 5.587699999999999636e-09 8.983940000000000592e-12
5.413479999999999563e+02 3.298940000000000191e-09 6.411770000000000254e-12
6.823150000000000546e+02 1.921409999999999882e-09 4.264349999999999697e-12
8.599900000000000091e+02 1.100359999999999910e-09 2.753350000000000178e-12
1.083930000000000064e+03 6.156429999999999801e-10 1.974670000000000107e-12
1.366190000000000055e+03 3.368600000000000134e-10 1.119599999999999995e-12
1.721940000000000055e+03 1.781210000000000097e-10 8.377050000000000136e-13
2.170340000000000146e+03 1.033390000000000063e-10 4.502720000000000023e-13
2.735489999999999782e+03 6.150349999999999860e-11 3.859240000000000224e-13
3.447809999999999945e+03 3.687220000000000115e-11 1.933580000000000027e-13
4.345619999999999891e+03 2.185859999999999897e-11 1.735580000000000012e-13
5.477229999999999563e+03 1.400529999999999971e-11 8.734379999999999432e-14
6.903500000000000000e+03 8.902780000000000159e-12 8.245579999999999536e-14
8.701170000000000073e+03 5.512920000000000303e-12 4.213030000000000225e-14
1.096700000000000000e+04 3.422249999999999882e-12 3.612839999999999755e-14
1.382270000000000073e+04 2.067080000000000114e-12 1.823530000000000031e-14
1.742220000000000073e+04 1.233750000000000069e-12 1.588119999999999939e-14
2.195890000000000146e+04 8.222959999999999527e-13 8.275900000000000234e-15
2.767700000000000000e+04 5.367680000000000005e-13 6.631569999999999801e-15
3.488409999999999854e+04 3.681690000000000138e-13 4.717200000000000211e-15
4.396800000000000000e+04 2.670250000000000158e-13 2.917669999999999939e-15
5.541719999999999709e+04 1.936530000000000029e-13 2.923420000000000081e-15
6.984789999999999418e+04 1.323239999999999974e-13 1.466580000000000059e-15
8.803630000000000291e+04 8.869419999999999986e-14 1.252089999999999999e-15
1.109610000000000000e+05 7.140920000000000081e-14 9.229419999999999998e-16
1.398550000000000000e+05 6.027030000000000119e-14 6.303470000000000248e-16
1.762730000000000000e+05 5.447630000000000209e-14 6.714530000000000463e-16
2.221750000000000000e+05 3.108009999999999951e-14 3.754769999999999874e-16
2.800290000000000000e+05 1.541610000000000057e-14 1.829699999999999932e-16
3.529490000000000000e+05 7.859860000000000676e-15 1.112549999999999954e-16
4.448570000000000000e+05 3.985520000000000123e-15 7.178610000000000354e-17
5.606980000000000000e+05 2.023139999999999975e-15 4.582570000000000107e-17
7.067040000000000000e+05 1.026769999999999919e-15 2.842260000000000159e-17
8.907290000000000000e+05 5.211209999999999929e-16 1.715779999999999971e-17
1.000000000000000000e+06 3.712531469581424321e-16 0.000000000000000000e+00
2.000000000000000000e+06 4.869836589851756901e-17 0.000000000000000000e+00
3.000000000000000000e+06 1.484179237523021751e-17 0.000000000000000000e+00
