34.171 1.02947e-06 4.39012e-09
44.3332 6.47993e-07 1.71135e-09
57.5177 4.11687e-07 1.06719e-09
74.6231 2.41229e-07 6.2773e-10
96.8155 1.32113e-07 3.60393e-10
125.608 7.53261e-08 2.10566e-10
162.963 4.26175e-08 1.35612e-10
211.427 2.16872e-08 7.35638e-11
274.305 1.06456e-08 4.78899e-11
355.881 5.58369e-09 2.72408e-11
461.718 2.92198e-09 1.92897e-11
599.03 1.3678e-09 1.00845e-11
777.179 6.32229e-10 6.94866e-12
1008.31 3.15626e-10 3.80925e-12
1308.17 1.63715e-10 2.73022e-12
1697.21 8.40929e-11 1.51716e-12
2201.96 4.22651e-11 1.01094e-12
2856.81 2.42987e-11 5.94398e-13
3706.4 1.8085e-11 4.28708e-13
4808.67 1.30085e-11 3.09397e-13
6238.74 7.62223e-12 1.91656e-13
8094.1 4.53951e-12 1.17417e-13
10501.2 2.60881e-12 7.81233e-14
13624.2 1.47828e-12 4.61548e-14
17676 8.39532e-13 3.10907e-14
22932.8 4.74818e-13 1.83418e-14
29752.8 2.76188e-13 1.25396e-14
38601.2 1.51372e-13 7.34517e-15
50080.9 7.62174e-14 4.89873e-15
64974.7 3.87606e-14 2.74743e-15
84297.8 1.91761e-14 1.955e-15
109367 8.64788e-15 1.00525e-15
141893 4.11067e-15 7.47784e-16
184091 1.94759e-15 4.14516e-16
238838 7.65438e-16 2.68854e-16
309868 2.96654e-16 1.20901e-16
402020 1.16498e-16 7.63767e-17
521579 7.09341e-17 4.69378e-17
676694 6.53559e-17 3.19162e-17
877938 5.62567e-17 4.28502e-17
