3.368030000000000257e+01 8.207989999999999319e-06 4.339279999999999930e-09
4.245060000000000144e+01 4.583740000000000095e-06 1.453870000000000068e-09
5.350469999999999970e+01 2.601170000000000203e-06 1.262479999999999967e-09
6.743739999999999668e+01 1.323330000000000085e-06 6.660119999999999744e-10
8.499809999999999377e+01 6.013830000000000323e-07 4.672839999999999965e-10
1.071320000000000050e+02 3.619190000000000262e-07 2.251600000000000011e-10
1.350289999999999964e+02 2.179440000000000092e-07 1.950860000000000127e-10
1.701899999999999977e+02 1.213839999999999969e-07 9.208850000000000206e-11
2.145080000000000098e+02 6.849919999999999440e-08 7.827260000000000638e-11
2.703650000000000091e+02 3.679609999999999952e-08 3.518519999999999835e-11
3.407690000000000055e+02 2.010710000000000142e-08 2.491960000000000137e-11
4.295049999999999955e+02 1.139779999999999966e-08 1.416240000000000032e-11
5.413479999999999563e+02 6.567340000000000195e-09 9.921160000000000510e-12
6.823150000000000546e+02 4.147800000000000090e-09 6.976789999999999800e-12
8.599900000000000091e+02 2.320089999999999998e-09 4.464899999999999685e-12
1.083930000000000064e+03 1.113569999999999909e-09 3.002239999999999938e-12
1.366190000000000055e+03 5.738089999999999983e-10 1.659139999999999936e-12
1.721940000000000055e+03 2.965019999999999755e-10 1.309230000000000067e-12
2.170340000000000146e+03 1.715689999999999997e-10 7.114510000000000348e-13
2.735489999999999782e+03 1.050419999999999977e-10 6.410569999999999815e-13
3.447809999999999945e+03 5.703750000000000208e-11 3.096050000000000222e-13
4.345619999999999891e+03 3.060440000000000316e-11 2.670200000000000073e-13
5.477229999999999563e+03 1.798930000000000050e-11 1.338449999999999967e-13
6.903500000000000000e+03 1.036670000000000025e-11 1.207620000000000008e-13
8.701170000000000073e+03 6.340879999999999937e-12 6.358389999999999728e-14
1.096700000000000000e+04 3.826799999999999809e-12 5.393709999999999996e-14
1.382270000000000073e+04 2.247919999999999978e-12 2.720359999999999894e-14
1.742220000000000073e+04 1.319599999999999951e-12 2.367370000000000128e-14
2.195890000000000146e+04 8.039890000000000187e-13 1.179189999999999978e-14
2.767700000000000000e+04 4.814750000000000260e-13 9.319169999999999533e-15
3.488409999999999854e+04 3.131770000000000195e-13 6.331870000000000079e-15
4.396800000000000000e+04 2.257899999999999901e-13 3.955120000000000260e-15
5.541719999999999709e+04 1.578030000000000093e-13 3.850179999999999781e-15
6.984789999999999418e+04 1.196959999999999981e-13 2.062350000000000074e-15
8.803630000000000291e+04 8.805359999999999651e-14 1.813719999999999818e-15
1.109610000000000000e+05 7.177319999999999804e-14 1.346190000000000088e-15
1.398550000000000000e+05 5.975440000000000083e-14 8.849570000000000343e-16
1.762730000000000000e+05 5.274939999999999685e-14 8.987889999999999404e-16
2.221750000000000000e+05 3.203219999999999855e-14 5.275689999999999944e-16
2.800290000000000000e+05 1.734120000000000024e-14 2.605420000000000239e-16
3.529490000000000000e+05 9.597130000000000603e-15 1.585779999999999954e-16
4.448570000000000000e+05 5.288740000000000028e-15 1.074969999999999943e-16
5.606980000000000000e+05 2.916900000000000125e-15 7.414050000000000389e-17
7.067040000000000000e+05 1.608500000000000006e-15 5.014270000000000051e-17
8.907290000000000000e+05 8.870219999999999999e-16 3.307459999999999810e-17
1.000000000000000000e+06 6.587036354493663029e-16 0.000000000000000000e+00
2.000000000000000000e+06 1.107900730657504652e-16 0.000000000000000000e+00
3.000000000000000000e+06 3.905073312211311263e-17 0.000000000000000000e+00
