3.368030000000000257e+01 9.536910000000000818e-06 5.378400000000000370e-09
4.245060000000000144e+01 4.878030000000000118e-06 1.657760000000000074e-09
5.350469999999999970e+01 2.551939999999999914e-06 1.470450000000000025e-09
6.743739999999999668e+01 1.138870000000000033e-06 7.299960000000000298e-10
8.499809999999999377e+01 4.222719999999999844e-07 4.719630000000000172e-10
1.071320000000000050e+02 2.791080000000000135e-07 2.399309999999999752e-10
1.350289999999999964e+02 1.827079999999999973e-07 2.135909999999999917e-10
1.701899999999999977e+02 1.107590000000000060e-07 1.011739999999999936e-10
2.145080000000000098e+02 6.838569999999999805e-08 8.937539999999999982e-11
2.703650000000000091e+02 3.649969999999999960e-08 3.868640000000000043e-11
3.407690000000000055e+02 2.005119999999999958e-08 2.722399999999999951e-11
4.295049999999999955e+02 1.077709999999999993e-08 1.474869999999999995e-11
5.413479999999999563e+02 6.264660000000000161e-09 1.036560000000000018e-11
6.823150000000000546e+02 4.680970000000000225e-09 7.887340000000000600e-12
8.599900000000000091e+02 2.836690000000000055e-09 5.380270000000000055e-12
1.083930000000000064e+03 1.357339999999999988e-09 3.528940000000000107e-12
1.366190000000000055e+03 7.093260000000000381e-10 1.965449999999999870e-12
1.721940000000000055e+03 3.737999999999999913e-10 1.562489999999999939e-12
2.170340000000000146e+03 2.101390000000000019e-10 8.355719999999999862e-13
2.735489999999999782e+03 1.189920000000000116e-10 7.129430000000000046e-13
3.447809999999999945e+03 7.369000000000000609e-11 3.666200000000000070e-13
4.345619999999999891e+03 4.513800000000000093e-11 3.374760000000000051e-13
5.477229999999999563e+03 2.977220000000000111e-11 1.731790000000000035e-13
6.903500000000000000e+03 1.911020000000000151e-11 1.639030000000000035e-13
8.701170000000000073e+03 1.417289999999999992e-11 9.184440000000000596e-14
1.096700000000000000e+04 1.015140000000000055e-11 8.705920000000000228e-14
1.382270000000000073e+04 6.278800000000000267e-12 4.369140000000000152e-14
1.742220000000000073e+04 4.003730000000000349e-12 3.989400000000000020e-14
2.195890000000000146e+04 2.481760000000000120e-12 2.000310000000000036e-14
2.767700000000000000e+04 1.526319999999999902e-12 1.598249999999999968e-14
3.488409999999999854e+04 1.010980000000000000e-12 1.107660000000000017e-14
4.396800000000000000e+04 7.269690000000000096e-13 7.144629999999999504e-15
5.541719999999999709e+04 5.414030000000000105e-13 7.534939999999999332e-15
6.984789999999999418e+04 2.949479999999999767e-13 3.374720000000000137e-15
8.803630000000000291e+04 1.672579999999999927e-13 2.777220000000000191e-15
1.109610000000000000e+05 1.055439999999999969e-13 1.637639999999999923e-15
1.398550000000000000e+05 6.926630000000000143e-14 9.781369999999999037e-16
1.762730000000000000e+05 4.512709999999999761e-14 8.212259999999999657e-16
2.221750000000000000e+05 2.945990000000000052e-14 5.145689999999999804e-16
2.800290000000000000e+05 1.923159999999999956e-14 2.826090000000000036e-16
3.529490000000000000e+05 1.255459999999999933e-14 1.786939999999999953e-16
4.448570000000000000e+05 8.195719999999999787e-15 1.334219999999999916e-16
5.606980000000000000e+05 5.350230000000000165e-15 1.074380000000000041e-16
7.067040000000000000e+05 3.492680000000000185e-15 8.677419999999999854e-17
8.907290000000000000e+05 2.280050000000000042e-15 6.866890000000000290e-17
1.000000000000000000e+06 1.842198589276718378e-15 0.000000000000000000e+00
2.000000000000000000e+06 5.135748457659120505e-16 0.000000000000000000e+00
3.000000000000000000e+06 2.432797250984231490e-16 0.000000000000000000e+00
