34.171 1.16419e-05 3.49648e-09
44.3332 5.64501e-06 1.11214e-09
57.5177 2.77543e-06 8.43585e-10
74.6231 1.26872e-06 4.32106e-10
96.8155 5.32936e-07 2.67178e-10
125.608 2.75962e-07 1.48987e-10
162.963 1.57978e-07 1.09134e-10
211.427 7.66245e-08 5.82698e-11
274.305 3.61977e-08 3.96701e-11
355.881 1.85394e-08 2.23056e-11
461.718 9.50278e-09 1.58924e-11
599.03 5.38582e-09 9.79484e-12
777.179 3.06293e-09 7.52904e-12
1008.31 1.31978e-09 3.70761e-12
1308.17 6.10183e-10 2.72568e-12
1697.21 2.78201e-10 1.38887e-12
2201.96 1.43692e-10 1.04231e-12
2856.81 8.87588e-11 6.93078e-13
3706.4 4.3612e-11 4.36411e-13
4808.67 2.47452e-11 2.56679e-13
6238.74 1.616e-11 1.82932e-13
8094.1 1.08431e-11 1.2541e-13
10501.2 6.74004e-12 8.47836e-14
13624.2 4.06008e-12 5.28994e-14
17676 2.33341e-12 3.59601e-14
22932.8 1.26937e-12 2.04119e-14
29752.8 7.51267e-13 1.42439e-14
38601.2 4.78756e-13 9.3288e-15
50080.9 3.18612e-13 6.68667e-15
64974.7 2.10871e-13 4.4581e-15
84297.8 1.59943e-13 3.34837e-15
109367 1.29739e-13 2.73776e-15
141893 8.48115e-14 1.91586e-15
184091 4.98118e-14 1.15965e-15
238838 3.3637e-14 9.09203e-16
309868 1.8909e-14 5.42123e-16
402020 9.32887e-15 3.44574e-16
521579 4.41025e-15 1.73215e-16
676694 1.88136e-15 9.26757e-17
877938 8.19131e-16 6.59682e-17
