34.171 1.70016e-06 5.34727e-09
44.3332 9.76575e-07 1.91031e-09
57.5177 5.66112e-07 1.14771e-09
74.6231 3.08778e-07 6.35788e-10
96.8155 1.61017e-07 3.59761e-10
125.608 9.03384e-08 2.09118e-10
162.963 4.99499e-08 1.37125e-10
211.427 2.61974e-08 7.68354e-11
274.305 1.38846e-08 5.36863e-11
355.881 7.48266e-09 3.09292e-11
461.718 4.0806e-09 2.15209e-11
599.03 2.21012e-09 1.2395e-11
777.179 1.17416e-09 8.28855e-12
1008.31 6.48586e-10 4.81019e-12
1308.17 3.75542e-10 3.31668e-12
1697.21 1.9558e-10 1.83486e-12
2201.96 9.93575e-11 1.19702e-12
2856.81 5.53925e-11 6.96177e-13
3706.4 3.42765e-11 4.88748e-13
4808.67 2.17799e-11 3.17909e-13
6238.74 1.37605e-11 2.15646e-13
8094.1 9.03486e-12 1.45512e-13
10501.2 5.1972e-12 9.54423e-14
13624.2 2.95026e-12 5.72263e-14
17676 1.59693e-12 3.94541e-14
22932.8 7.65859e-13 2.03102e-14
29752.8 4.13091e-13 1.43825e-14
38601.2 2.34732e-13 8.82515e-15
50080.9 1.17957e-13 5.91555e-15
64974.7 5.79016e-14 3.14697e-15
84297.8 3.34231e-14 2.44789e-15
109367 1.67092e-14 1.40517e-15
141893 5.94074e-15 8.0423e-16
184091 2.54743e-15 3.89396e-16
238838 1.45144e-15 3.32328e-16
309868 6.68597e-16 1.74231e-16
402020 2.48044e-16 1.00056e-16
521579 1.43925e-16 5.91578e-17
676694 1.21461e-16 4.27716e-17
877938 9.62337e-17 5.38759e-17
