3.368030000000000257e+01 7.389680000000000033e-06 4.626129999999999616e-09
4.245060000000000144e+01 3.623440000000000158e-06 1.365280000000000066e-09
5.350469999999999970e+01 1.855979999999999974e-06 1.155170000000000055e-09
6.743739999999999668e+01 6.933799999999999792e-07 5.362969999999999731e-10
8.499809999999999377e+01 1.891610000000000088e-07 2.913120000000000173e-10
1.071320000000000050e+02 1.264269999999999978e-07 1.566489999999999881e-10
1.350289999999999964e+02 8.330659999999999768e-08 1.491859999999999954e-10
1.701899999999999977e+02 4.666550000000000186e-08 7.196340000000000091e-11
2.145080000000000098e+02 2.660020000000000085e-08 6.229829999999999517e-11
2.703650000000000091e+02 1.606350000000000021e-08 2.946389999999999686e-11
3.407690000000000055e+02 9.578900000000000495e-09 2.215819999999999902e-11
4.295049999999999955e+02 5.662139999999999640e-09 1.284900000000000068e-11
5.413479999999999563e+02 3.353570000000000032e-09 9.227619999999999408e-12
6.823150000000000546e+02 2.000899999999999987e-09 6.251010000000000039e-12
8.599900000000000091e+02 1.157569999999999964e-09 4.078359999999999598e-12
1.083930000000000064e+03 6.459659999999999591e-10 2.932459999999999805e-12
1.366190000000000055e+03 3.516749999999999772e-10 1.660430000000000024e-12
1.721940000000000055e+03 1.839790000000000116e-10 1.241070000000000083e-12
2.170340000000000146e+03 1.068559999999999979e-10 6.665810000000000452e-13
2.735489999999999782e+03 6.436330000000000303e-11 5.757160000000000078e-13
3.447809999999999945e+03 3.726809999999999950e-11 2.827549999999999902e-13
4.345619999999999891e+03 2.135459999999999869e-11 2.491909999999999931e-13
5.477229999999999563e+03 1.319049999999999958e-11 1.241999999999999908e-13
6.903500000000000000e+03 8.048869999999999408e-12 1.147000000000000060e-13
8.701170000000000073e+03 4.977899999999999620e-12 5.903910000000000437e-14
1.096700000000000000e+04 3.066019999999999895e-12 5.041870000000000179e-14
1.382270000000000073e+04 1.853020000000000116e-12 2.558199999999999957e-14
1.742220000000000073e+04 1.114800000000000056e-12 2.252030000000000111e-14
2.195890000000000146e+04 7.069080000000000207e-13 1.152769999999999994e-14
2.767700000000000000e+04 4.435010000000000002e-13 9.365769999999999936e-15
3.488409999999999854e+04 2.862089999999999773e-13 6.338259999999999774e-15
4.396800000000000000e+04 1.908049999999999882e-13 3.897359999999999889e-15
5.541719999999999709e+04 1.267380000000000048e-13 3.710590000000000209e-15
6.984789999999999418e+04 8.306610000000000135e-14 1.830379999999999975e-15
8.803630000000000291e+04 5.280519999999999748e-14 1.533979999999999931e-15
1.109610000000000000e+05 4.132109999999999848e-14 1.099160000000000095e-15
1.398550000000000000e+05 3.418990000000000283e-14 7.289890000000000212e-16
1.762730000000000000e+05 3.000059999999999765e-14 7.470710000000000456e-16
2.221750000000000000e+05 1.743589999999999919e-14 4.228579999999999974e-16
2.800290000000000000e+05 8.935539999999999254e-15 2.059820000000000061e-16
3.529490000000000000e+05 4.692959999999999643e-15 1.248260000000000043e-16
4.448570000000000000e+05 2.452900000000000080e-15 8.195920000000000066e-17
5.606980000000000000e+05 1.283289999999999993e-15 5.381030000000000094e-17
7.067040000000000000e+05 6.712539999999999813e-16 3.444349999999999703e-17
8.907290000000000000e+05 3.511280000000000132e-16 2.147479999999999916e-17
1.000000000000000000e+06 2.539531876788687699e-16 0.000000000000000000e+00
2.000000000000000000e+06 3.646472663160842887e-17 0.000000000000000000e+00
3.000000000000000000e+06 1.171707895033326510e-17 0.000000000000000000e+00
