3.368030000000000257e+01 6.976469999999999631e-06 4.158229999999999609e-09
4.245060000000000144e+01 3.759869999999999799e-06 1.342239999999999906e-09
5.350469999999999970e+01 2.064899999999999915e-06 1.076719999999999979e-09
6.743739999999999668e+01 9.955450000000000118e-07 5.374179999999999737e-10
8.499809999999999377e+01 4.143739999999999755e-07 3.456249999999999826e-10
1.071320000000000050e+02 2.635779999999999796e-07 1.707350000000000055e-10
1.350289999999999964e+02 1.651360000000000038e-07 1.477140000000000081e-10
1.701899999999999977e+02 1.028039999999999986e-07 7.198649999999999745e-11
2.145080000000000098e+02 6.485890000000000647e-08 6.506380000000000232e-11
2.703650000000000091e+02 3.340640000000000326e-08 2.721760000000000148e-11
3.407690000000000055e+02 1.845419999999999858e-08 1.919929999999999878e-11
4.295049999999999955e+02 1.206549999999999975e-08 1.137169999999999930e-11
5.413479999999999563e+02 7.931910000000000581e-09 8.811940000000000113e-12
6.823150000000000546e+02 6.093290000000000162e-09 6.653669999999999860e-12
8.599900000000000091e+02 3.842669999999999925e-09 4.667680000000000160e-12
1.083930000000000064e+03 1.913470000000000011e-09 3.084020000000000020e-12
1.366190000000000055e+03 9.702610000000000267e-10 1.668969999999999905e-12
1.721940000000000055e+03 4.680869999999999574e-10 1.223800000000000097e-12
2.170340000000000146e+03 2.597409999999999822e-10 6.476009999999999585e-13
2.735489999999999782e+03 1.493609999999999974e-10 5.633400000000000008e-13
3.447809999999999945e+03 8.815639999999999865e-11 2.835659999999999854e-13
4.345619999999999891e+03 4.987960000000000165e-11 2.480179999999999939e-13
5.477229999999999563e+03 3.723119999999999831e-11 1.368339999999999953e-13
6.903500000000000000e+03 2.710669999999999879e-11 1.407500000000000061e-13
8.701170000000000073e+03 1.778829999999999843e-11 7.374760000000000425e-14
1.096700000000000000e+04 1.185219999999999992e-11 6.689929999999999748e-14
1.382270000000000073e+04 7.331299999999999669e-12 3.461229999999999959e-14
1.742220000000000073e+04 4.728319999999999789e-12 3.259180000000000078e-14
2.195890000000000146e+04 2.529100000000000199e-12 1.526120000000000115e-14
2.767700000000000000e+04 1.389310000000000065e-12 1.204219999999999992e-14
3.488409999999999854e+04 7.477930000000000025e-13 7.028079999999999612e-15
4.396800000000000000e+04 3.947780000000000168e-13 4.263390000000000041e-15
5.541719999999999709e+04 2.109459999999999879e-13 3.499560000000000012e-15
6.984789999999999418e+04 1.063489999999999995e-13 1.629060000000000088e-15
8.803630000000000291e+04 5.308269999999999933e-14 1.285859999999999954e-15
1.109610000000000000e+05 3.064509999999999934e-14 7.013049999999999642e-16
1.398550000000000000e+05 1.860019999999999959e-14 4.080929999999999932e-16
1.762730000000000000e+05 1.091160000000000005e-14 3.177970000000000046e-16
2.221750000000000000e+05 7.530920000000000501e-15 2.099099999999999932e-16
2.800290000000000000e+05 5.460540000000000177e-15 1.241340000000000021e-16
3.529490000000000000e+05 3.924760000000000295e-15 8.088090000000000540e-17
4.448570000000000000e+05 2.825310000000000150e-15 6.321460000000000566e-17
5.606980000000000000e+05 2.033289999999999953e-15 5.548200000000000106e-17
7.067040000000000000e+05 1.463369999999999953e-15 4.976640000000000044e-17
8.907290000000000000e+05 1.053180000000000086e-15 4.388840000000000137e-17
1.000000000000000000e+06 8.934624022592787876e-16 0.000000000000000000e+00
2.000000000000000000e+06 3.335983981240258848e-16 0.000000000000000000e+00
3.000000000000000000e+06 1.874763072307958327e-16 0.000000000000000000e+00
