3.368030000000000257e+01 4.961449999999999736e-06 4.301530000000000137e-09
4.245060000000000144e+01 2.616579999999999942e-06 1.362689999999999975e-09
5.350469999999999970e+01 1.408750000000000065e-06 1.157440000000000089e-09
6.743739999999999668e+01 6.567609999999999873e-07 5.855599999999999921e-10
8.499809999999999377e+01 2.588989999999999945e-07 3.883440000000000085e-10
1.071320000000000050e+02 1.700949999999999889e-07 1.990429999999999919e-10
1.350289999999999964e+02 1.103419999999999964e-07 1.793419999999999893e-10
1.701899999999999977e+02 6.880550000000000026e-08 8.799220000000000143e-11
2.145080000000000098e+02 4.356519999999999758e-08 8.009470000000000363e-11
2.703650000000000091e+02 2.335499999999999969e-08 3.371990000000000135e-11
3.407690000000000055e+02 1.319489999999999959e-08 2.399659999999999975e-11
4.295049999999999955e+02 8.349669999999999354e-09 1.388489999999999953e-11
5.413479999999999563e+02 5.281490000000000132e-09 1.040769999999999977e-11
6.823150000000000546e+02 3.640590000000000143e-09 7.388809999999999492e-12
8.599900000000000091e+02 2.256610000000000131e-09 5.087940000000000230e-12
1.083930000000000064e+03 1.239939999999999960e-09 3.545989999999999918e-12
1.366190000000000055e+03 6.687930000000000499e-10 2.004059999999999844e-12
1.721940000000000055e+03 3.502030000000000158e-10 1.533759999999999919e-12
2.170340000000000146e+03 1.804110000000000091e-10 7.900300000000000173e-13
2.735489999999999782e+03 9.025059999999999593e-11 6.431110000000000453e-13
3.447809999999999945e+03 5.177919999999999812e-11 3.271279999999999971e-13
4.345619999999999891e+03 2.835160000000000048e-11 2.869259999999999832e-13
5.477229999999999563e+03 2.080310000000000130e-11 1.561199999999999951e-13
6.903500000000000000e+03 1.471490000000000145e-11 1.564689999999999919e-13
8.701170000000000073e+03 1.013070000000000004e-11 8.241359999999999479e-14
1.096700000000000000e+04 6.967559999999999848e-12 7.550330000000000555e-14
1.382270000000000073e+04 4.432240000000000105e-12 3.852730000000000109e-14
1.742220000000000073e+04 2.777029999999999931e-12 3.429640000000000091e-14
2.195890000000000146e+04 2.093699999999999853e-12 1.957940000000000099e-14
2.767700000000000000e+04 1.569220000000000053e-12 1.689279999999999871e-14
3.488409999999999854e+04 1.075019999999999997e-12 1.204929999999999958e-14
4.396800000000000000e+04 6.507960000000000272e-13 6.977349999999999673e-15
5.541719999999999709e+04 4.183120000000000052e-13 6.521969999999999756e-15
6.984789999999999418e+04 2.093869999999999892e-13 2.896349999999999821e-15
8.803630000000000291e+04 1.072400000000000055e-13 2.286199999999999954e-15
1.109610000000000000e+05 6.454419999999999674e-14 1.296249999999999912e-15
1.398550000000000000e+05 4.114000000000000191e-14 7.821779999999999867e-16
1.762730000000000000e+05 2.557689999999999954e-14 6.411679999999999890e-16
2.221750000000000000e+05 1.747049999999999861e-14 4.197829999999999918e-16
2.800290000000000000e+05 1.227359999999999970e-14 2.439719999999999834e-16
3.529490000000000000e+05 8.579340000000000289e-15 1.596139999999999890e-16
4.448570000000000000e+05 6.002409999999999651e-15 1.245190000000000074e-16
5.606980000000000000e+05 4.198819999999999861e-15 1.068680000000000017e-16
7.067040000000000000e+05 2.937250000000000150e-15 9.281279999999999967e-17
8.907290000000000000e+05 2.054719999999999988e-15 7.910969999999999745e-17
1.000000000000000000e+06 1.718533171089944621e-15 0.000000000000000000e+00
2.000000000000000000e+06 5.893266568148425164e-16 0.000000000000000000e+00
3.000000000000000000e+06 3.151116378197707412e-16 0.000000000000000000e+00
