3.368030000000000257e+01 2.117010000000000082e-06 5.021040000000000272e-09
4.245060000000000144e+01 9.927920000000000400e-07 1.417339999999999988e-09
5.350469999999999970e+01 4.601720000000000260e-07 1.087269999999999907e-09
6.743739999999999668e+01 2.319280000000000106e-07 5.581570000000000403e-10
8.499809999999999377e+01 1.160180000000000003e-07 4.102680000000000043e-10
1.071320000000000050e+02 8.307390000000000116e-08 2.118679999999999967e-10
1.350289999999999964e+02 6.100139999999999989e-08 1.885740000000000097e-10
1.701899999999999977e+02 3.679949999999999809e-08 8.714069999999999926e-11
2.145080000000000098e+02 2.280569999999999953e-08 7.610959999999999792e-11
2.703650000000000091e+02 1.360850000000000072e-08 3.300590000000000257e-11
3.407690000000000055e+02 8.139060000000000223e-09 2.398230000000000051e-11
4.295049999999999955e+02 4.739189999999999637e-09 1.343350000000000006e-11
5.413479999999999563e+02 2.736550000000000026e-09 9.397919999999999198e-12
6.823150000000000546e+02 1.520470000000000024e-09 6.151589999999999640e-12
8.599900000000000091e+02 8.490090000000000405e-10 3.885930000000000184e-12
1.083930000000000064e+03 4.712949999999999736e-10 2.766040000000000197e-12
1.366190000000000055e+03 2.633379999999999751e-10 1.587110000000000090e-12
1.721940000000000055e+03 1.466029999999999900e-10 1.217049999999999949e-12
2.170340000000000146e+03 8.515330000000000310e-11 6.559080000000000361e-13
2.735489999999999782e+03 4.981750000000000013e-11 5.551600000000000296e-13
3.447809999999999945e+03 3.028800000000000180e-11 2.808579999999999832e-13
4.345619999999999891e+03 1.836149999999999845e-11 2.565649999999999776e-13
5.477229999999999563e+03 1.137089999999999954e-11 1.271049999999999921e-13
6.903500000000000000e+03 7.049629999999999719e-12 1.185709999999999902e-13
8.701170000000000073e+03 4.212659999999999944e-12 6.067530000000000047e-14
1.096700000000000000e+04 2.529799999999999984e-12 5.112680000000000082e-14
1.382270000000000073e+04 1.472389999999999949e-12 2.590609999999999866e-14
1.742220000000000073e+04 8.648800000000000467e-13 2.273049999999999968e-14
2.195890000000000146e+04 4.964660000000000173e-13 1.114179999999999973e-14
2.767700000000000000e+04 2.873810000000000050e-13 9.008999999999999465e-15
3.488409999999999854e+04 1.604419999999999892e-13 5.431189999999999808e-15
4.396800000000000000e+04 8.559529999999999677e-14 3.278100000000000157e-15
5.541719999999999709e+04 4.676109999999999853e-14 2.740849999999999957e-15
6.984789999999999418e+04 2.300660000000000115e-14 1.334970000000000076e-15
8.803630000000000291e+04 1.158550000000000021e-14 1.104070000000000012e-15
1.109610000000000000e+05 5.696049999999999935e-15 5.856039999999999602e-16
1.398550000000000000e+05 2.748020000000000032e-15 4.121519999999999868e-16
1.762730000000000000e+05 1.453210000000000001e-15 3.296340000000000134e-16
2.221750000000000000e+05 3.995530000000000063e-16 2.937089999999999769e-16
2.800290000000000000e+05 9.308379999999999461e-17 1.620190000000000005e-16
3.529490000000000000e+05 2.257829999999999949e-17 6.244259999999999775e-17
4.448570000000000000e+05 5.422530000000000219e-18 2.057510000000000078e-17
5.606980000000000000e+05 1.305489999999999977e-18 6.298299999999999836e-18
7.067040000000000000e+05 3.141090000000000151e-19 1.839179999999999946e-18
8.907290000000000000e+05 7.558789999999999811e-20 5.205239999999999776e-19
1.000000000000000000e+06 3.707966916193298736e-20 0.000000000000000000e+00
2.000000000000000000e+06 5.203468615911606563e-22 0.000000000000000000e+00
3.000000000000000000e+06 4.289921219364983914e-23 0.000000000000000000e+00
