3.368030000000000257e+01 2.551909999999999933e-06 3.617369999999999886e-09
4.245060000000000144e+01 1.411980000000000074e-06 1.198529999999999996e-09
5.350469999999999970e+01 7.898359999999999795e-07 9.732380000000000259e-10
6.743739999999999668e+01 4.101060000000000064e-07 5.190660000000000147e-10
8.499809999999999377e+01 1.963930000000000037e-07 3.775609999999999952e-10
1.071320000000000050e+02 1.163710000000000036e-07 1.814770000000000031e-10
1.350289999999999964e+02 6.797480000000000064e-08 1.549799999999999911e-10
1.701899999999999977e+02 4.124460000000000127e-08 7.633010000000000249e-11
2.145080000000000098e+02 2.497479999999999941e-08 6.782510000000000187e-11
2.703650000000000091e+02 1.441350000000000032e-08 2.904810000000000100e-11
3.407690000000000055e+02 8.440709999999999486e-09 2.088239999999999915e-11
4.295049999999999955e+02 5.124610000000000153e-09 1.196240000000000081e-11
5.413479999999999563e+02 3.050950000000000099e-09 8.577130000000000228e-12
6.823150000000000546e+02 1.763929999999999925e-09 5.728459999999999605e-12
8.599900000000000091e+02 9.987759999999999019e-10 3.682619999999999913e-12
1.083930000000000064e+03 5.465679999999999886e-10 2.664830000000000066e-12
1.366190000000000055e+03 2.935360000000000191e-10 1.499400000000000053e-12
1.721940000000000055e+03 1.520509999999999902e-10 1.127459999999999923e-12
2.170340000000000146e+03 8.778759999999999885e-11 6.070470000000000083e-13
2.735489999999999782e+03 5.289780000000000266e-11 5.327180000000000329e-13
3.447809999999999945e+03 2.975039999999999893e-11 2.612130000000000200e-13
4.345619999999999891e+03 1.636320000000000120e-11 2.269079999999999960e-13
5.477229999999999563e+03 1.049649999999999996e-11 1.157309999999999993e-13
6.903500000000000000e+03 6.583289999999999911e-12 1.087460000000000043e-13
8.701170000000000073e+03 4.155679999999999919e-12 5.625879999999999980e-14
1.096700000000000000e+04 2.608279999999999868e-12 4.864130000000000096e-14
1.382270000000000073e+04 1.553089999999999999e-12 2.429839999999999898e-14
1.742220000000000073e+04 9.083079999999999501e-13 2.078510000000000084e-14
2.195890000000000146e+04 6.359659999999999783e-13 1.110670000000000040e-14
2.767700000000000000e+04 4.342469999999999772e-13 8.878759999999999936e-15
3.488409999999999854e+04 3.044479999999999867e-13 6.415720000000000051e-15
4.396800000000000000e+04 2.200060000000000018e-13 3.863580000000000354e-15
5.541719999999999709e+04 1.558929999999999952e-13 3.735089999999999720e-15
6.984789999999999418e+04 1.207440000000000104e-13 2.028500000000000125e-15
8.803630000000000291e+04 8.972270000000000148e-14 1.778550000000000077e-15
1.109610000000000000e+05 7.825450000000000497e-14 1.408670000000000070e-15
1.398550000000000000e+05 7.087960000000000577e-14 9.880499999999999526e-16
1.762730000000000000e+05 6.888220000000000057e-14 1.081910000000000062e-15
2.221750000000000000e+05 4.268610000000000075e-14 6.485159999999999657e-16
2.800290000000000000e+05 2.301330000000000025e-14 3.222739999999999786e-16
3.529490000000000000e+05 1.274269999999999937e-14 1.988060000000000005e-16
4.448570000000000000e+05 7.019440000000000323e-15 1.355179999999999964e-16
5.606980000000000000e+05 3.870579999999999876e-15 9.354109999999999910e-17
7.067040000000000000e+05 2.133859999999999928e-15 6.320689999999999915e-17
8.907290000000000000e+05 1.176450000000000016e-15 4.163940000000000047e-17
1.000000000000000000e+06 8.735268434263304623e-16 0.000000000000000000e+00
2.000000000000000000e+06 1.468149360063822368e-16 0.000000000000000000e+00
3.000000000000000000e+06 5.172652038874879518e-17 0.000000000000000000e+00
