34.171 1.26869e-06 5.45482e-09
44.3332 7.74418e-07 2.0576e-09
57.5177 4.77038e-07 1.20683e-09
74.6231 2.64891e-07 6.72428e-10
96.8155 1.36301e-07 3.7216e-10
125.608 7.41705e-08 2.09555e-10
162.963 4.03581e-08 1.34997e-10
211.427 2.07835e-08 7.44544e-11
274.305 1.05595e-08 5.0403e-11
355.881 5.55734e-09 2.86199e-11
461.718 2.93535e-09 2.00116e-11
599.03 1.50491e-09 1.10531e-11
777.179 7.81323e-10 7.56406e-12
1008.31 4.29899e-10 4.4694e-12
1308.17 2.24373e-10 3.0369e-12
1697.21 1.06386e-10 1.53718e-12
2201.96 5.7635e-11 1.06004e-12
2856.81 3.57948e-11 6.79825e-13
3706.4 2.23493e-11 4.52886e-13
4808.67 1.35044e-11 2.79549e-13
6238.74 7.98615e-12 1.82404e-13
8094.1 4.88571e-12 1.15039e-13
10501.2 2.81884e-12 7.58055e-14
13624.2 1.61742e-12 4.53136e-14
17676 9.29585e-13 3.09661e-14
22932.8 5.14972e-13 1.80969e-14
29752.8 2.93087e-13 1.28161e-14
38601.2 1.61503e-13 7.67166e-15
50080.9 7.61718e-14 5.01433e-15
64974.7 3.84003e-14 2.74026e-15
84297.8 2.36489e-14 2.25419e-15
109367 1.14831e-14 1.27079e-15
141893 4.21989e-15 7.72875e-16
184091 1.85466e-15 3.98792e-16
238838 8.76703e-16 3.11766e-16
309868 3.19659e-16 1.32518e-16
402020 1.00983e-16 6.81048e-17
521579 6.06499e-17 4.11593e-17
676694 6.24967e-17 2.95281e-17
877938 5.90619e-17 4.31167e-17
