34.171 3.20482e-06 4.85068e-09
44.3332 1.50587e-06 1.46149e-09
57.5177 7.03909e-07 9.26601e-10
74.6231 3.41446e-07 4.76124e-10
96.8155 1.71471e-07 2.89307e-10
125.608 9.83821e-08 1.71676e-10
162.963 6.05575e-08 1.16945e-10
211.427 3.36248e-08 6.81998e-11
274.305 1.83996e-08 4.69299e-11
355.881 9.93731e-09 2.7233e-11
461.718 5.23066e-09 1.89722e-11
599.03 2.79292e-09 1.09051e-11
777.179 1.48695e-09 7.62777e-12
1008.31 8.02174e-10 4.39809e-12
1308.17 4.40868e-10 3.08456e-12
1697.21 2.27189e-10 1.70339e-12
2201.96 1.18794e-10 1.16046e-12
2856.81 6.58028e-11 6.7536e-13
3706.4 3.93097e-11 4.74005e-13
4808.67 2.46245e-11 3.05627e-13
6238.74 1.55576e-11 2.10541e-13
8094.1 1.02195e-11 1.42488e-13
10501.2 5.89625e-12 9.42238e-14
13624.2 3.37483e-12 5.68044e-14
17676 1.84843e-12 3.90306e-14
22932.8 9.08213e-13 2.04278e-14
29752.8 5.11261e-13 1.46728e-14
38601.2 2.92617e-13 9.06919e-15
50080.9 1.43081e-13 5.96559e-15
64974.7 7.00129e-14 3.15828e-15
84297.8 4.058e-14 2.44473e-15
109367 2.13085e-14 1.4466e-15
141893 8.48053e-15 8.83334e-16
184091 3.55345e-15 4.1915e-16
238838 1.68634e-15 3.02541e-16
309868 8.7778e-16 1.69131e-16
402020 4.9833e-16 1.20387e-16
521579 3.16257e-16 7.68915e-17
676694 2.25364e-16 4.72077e-17
877938 1.57404e-16 5.2451e-17
