3.368030000000000257e+01 1.237159999999999942e-06 5.434810000000000178e-09
4.245060000000000144e+01 6.596500000000000074e-07 1.732709999999999903e-09
5.350469999999999970e+01 3.479609999999999750e-07 1.268789999999999917e-09
6.743739999999999668e+01 1.975880000000000088e-07 6.896339999999999576e-10
8.499809999999999377e+01 1.138449999999999980e-07 4.902370000000000308e-10
1.071320000000000050e+02 7.902470000000000485e-08 2.450439999999999967e-10
1.350289999999999964e+02 5.653369999999999886e-08 2.124369999999999924e-10
1.701899999999999977e+02 3.296719999999999758e-08 9.709469999999999663e-11
2.145080000000000098e+02 1.972330000000000033e-08 8.326629999999999711e-11
2.703650000000000091e+02 1.188540000000000034e-08 3.606610000000000199e-11
3.407690000000000055e+02 7.140440000000000212e-09 2.613320000000000016e-11
4.295049999999999955e+02 4.276840000000000298e-09 1.458040000000000116e-11
5.413479999999999563e+02 2.504519999999999950e-09 1.025580000000000079e-11
6.823150000000000546e+02 1.366920000000000073e-09 6.485129999999999853e-12
8.599900000000000091e+02 7.719439999999999556e-10 4.097659999999999728e-12
1.083930000000000064e+03 4.491849999999999848e-10 2.891739999999999955e-12
1.366190000000000055e+03 2.558440000000000008e-10 1.669190000000000080e-12
1.721940000000000055e+03 1.438469999999999997e-10 1.253280000000000088e-12
2.170340000000000146e+03 8.251579999999999541e-11 6.680879999999999902e-13
2.735489999999999782e+03 4.697789999999999837e-11 5.530690000000000135e-13
3.447809999999999945e+03 2.894809999999999941e-11 2.818060000000000010e-13
4.345619999999999891e+03 1.787289999999999910e-11 2.603219999999999888e-13
5.477229999999999563e+03 1.090980000000000022e-11 1.284279999999999956e-13
6.903500000000000000e+03 6.712880000000000372e-12 1.197369999999999875e-13
8.701170000000000073e+03 3.900529999999999739e-12 6.109480000000000186e-14
1.096700000000000000e+04 2.291360000000000043e-12 5.082640000000000091e-14
1.382270000000000073e+04 1.343720000000000054e-12 2.593120000000000138e-14
1.742220000000000073e+04 7.910179999999999521e-13 2.279359999999999867e-14
2.195890000000000146e+04 4.548820000000000200e-13 1.115170000000000014e-14
2.767700000000000000e+04 2.633549999999999921e-13 8.979179999999999308e-15
3.488409999999999854e+04 1.486350000000000023e-13 5.454289999999999730e-15
4.396800000000000000e+04 8.120200000000000327e-14 3.300339999999999903e-15
5.541719999999999709e+04 4.528710000000000021e-14 2.802130000000000037e-15
6.984789999999999418e+04 2.286240000000000010e-14 1.374329999999999989e-15
8.803630000000000291e+04 1.194400000000000002e-14 1.168119999999999938e-15
1.109610000000000000e+05 5.595330000000000144e-15 6.047119999999999544e-16
1.398550000000000000e+05 2.526089999999999993e-15 4.156429999999999877e-16
1.762730000000000000e+05 1.199680000000000001e-15 3.006649999999999759e-16
2.221750000000000000e+05 4.128170000000000183e-16 1.473919999999999996e-16
2.800290000000000000e+05 1.305260000000000033e-16 8.864080000000000061e-17
3.529490000000000000e+05 4.206629999999999933e-17 4.424369999999999824e-17
4.448570000000000000e+05 1.349849999999999947e-17 1.938580000000000049e-17
5.606980000000000000e+05 4.335780000000000205e-18 7.912229999999999382e-18
7.067040000000000000e+05 1.392349999999999952e-18 3.084970000000000156e-18
8.907290000000000000e+05 4.471519999999999531e-19 1.165970000000000006e-18
1.000000000000000000e+06 2.534000286787504135e-19 0.000000000000000000e+00
2.000000000000000000e+06 8.440188292020139283e-21 0.000000000000000000e+00
3.000000000000000000e+06 1.153709960660679389e-21 0.000000000000000000e+00
