3.368030000000000257e+01 1.970010000000000049e-06 4.728169999999999814e-09
4.245060000000000144e+01 9.946159999999999907e-07 1.430730000000000083e-09
5.350469999999999970e+01 4.999280000000000016e-07 1.070539999999999903e-09
6.743739999999999668e+01 2.592549999999999746e-07 5.539130000000000289e-10
8.499809999999999377e+01 1.308069999999999880e-07 3.926670000000000255e-10
1.071320000000000050e+02 8.768059999999999436e-08 1.953660000000000107e-10
1.350289999999999964e+02 5.913160000000000123e-08 1.692269999999999937e-10
1.701899999999999977e+02 3.677439999999999742e-08 8.160160000000000078e-11
2.145080000000000098e+02 2.314850000000000045e-08 7.306029999999999637e-11
2.703650000000000091e+02 1.410769999999999999e-08 3.337989999999999916e-11
3.407690000000000055e+02 8.597200000000000049e-09 2.512710000000000105e-11
4.295049999999999955e+02 5.056949999999999996e-09 1.437899999999999921e-11
5.413479999999999563e+02 2.959620000000000167e-09 1.020080000000000072e-11
6.823150000000000546e+02 1.671029999999999967e-09 6.645579999999999639e-12
8.599900000000000091e+02 9.559349999999999668e-10 4.258720000000000255e-12
1.083930000000000064e+03 5.528339999999999750e-10 3.018470000000000163e-12
1.366190000000000055e+03 3.137900000000000093e-10 1.730329999999999959e-12
1.721940000000000055e+03 1.746590000000000118e-10 1.268079999999999985e-12
2.170340000000000146e+03 1.023670000000000044e-10 6.783099999999999642e-13
2.735489999999999782e+03 6.106449999999999370e-11 5.678020000000000074e-13
3.447809999999999945e+03 3.581920000000000231e-11 2.822289999999999781e-13
4.345619999999999891e+03 2.083489999999999880e-11 2.522899999999999781e-13
5.477229999999999563e+03 1.283999999999999941e-11 1.265519999999999943e-13
6.903500000000000000e+03 7.896889999999999484e-12 1.184809999999999876e-13
8.701170000000000073e+03 4.595260000000000354e-12 6.041120000000000314e-14
1.096700000000000000e+04 2.704249999999999912e-12 5.030920000000000110e-14
1.382270000000000073e+04 1.601169999999999932e-12 2.595490000000000056e-14
1.742220000000000073e+04 9.534760000000000057e-13 2.309719999999999990e-14
2.195890000000000146e+04 5.425309999999999831e-13 1.127780000000000036e-14
2.767700000000000000e+04 3.121740000000000085e-13 9.116790000000000374e-15
3.488409999999999854e+04 1.731209999999999951e-13 5.474659999999999704e-15
4.396800000000000000e+04 9.191209999999999718e-14 3.341979999999999925e-15
5.541719999999999709e+04 4.942850000000000239e-14 2.761300000000000121e-15
6.984789999999999418e+04 2.574919999999999960e-14 1.375690000000000075e-15
8.803630000000000291e+04 1.353650000000000056e-14 1.166879999999999942e-15
1.109610000000000000e+05 6.962859999999999708e-15 6.127040000000000456e-16
1.398550000000000000e+05 3.542560000000000119e-15 4.020529999999999976e-16
1.762730000000000000e+05 1.863629999999999874e-15 3.119840000000000125e-16
2.221750000000000000e+05 7.851940000000000145e-16 1.626550000000000023e-16
2.800290000000000000e+05 3.110729999999999964e-16 1.082340000000000051e-16
3.529490000000000000e+05 1.248580000000000115e-16 6.585979999999999833e-17
4.448570000000000000e+05 4.997610000000000018e-17 3.584469999999999848e-17
5.606980000000000000e+05 2.001549999999999954e-17 1.823109999999999846e-17
7.067040000000000000e+05 8.015229999999999528e-18 8.867200000000000087e-18
8.907290000000000000e+05 3.209789999999999928e-18 4.181540000000000169e-18
1.000000000000000000e+06 2.031212715164681619e-18 0.000000000000000000e+00
2.000000000000000000e+06 1.310361872068470727e-19 0.000000000000000000e+00
3.000000000000000000e+06 2.636773666847050792e-20 0.000000000000000000e+00
