34.171 5.25042e-06 2.53322e-09
44.3332 2.93361e-06 8.92208e-10
57.5177 1.6592e-06 6.0059e-10
74.6231 8.44694e-07 3.24626e-10
96.8155 3.88657e-07 1.914e-10
125.608 2.09178e-07 1.09289e-10
162.963 1.21355e-07 7.8809e-11
211.427 6.3698e-08 4.47059e-11
274.305 3.23343e-08 3.0855e-11
355.881 1.69588e-08 1.75907e-11
461.718 9.05651e-09 1.27449e-11
599.03 4.88972e-09 7.50121e-12
777.179 2.62494e-09 5.52669e-12
1008.31 1.27589e-09 2.99589e-12
1308.17 5.93243e-10 2.06177e-12
1697.21 3.03823e-10 1.1551e-12
2201.96 1.64982e-10 8.55584e-13
2856.81 8.9219e-11 5.04448e-13
3706.4 4.3545e-11 3.37641e-13
4808.67 2.28386e-11 1.86962e-13
6238.74 1.38258e-11 1.34043e-13
8094.1 8.97255e-12 9.01221e-14
10501.2 5.40996e-12 6.14523e-14
13624.2 3.15214e-12 3.74608e-14
17676 1.74837e-12 2.5381e-14
22932.8 9.3765e-13 1.42801e-14
29752.8 5.45738e-13 9.94468e-15
38601.2 3.31367e-13 6.35436e-15
50080.9 1.76003e-13 4.13876e-15
64974.7 9.73148e-14 2.38907e-15
84297.8 6.65539e-14 1.90032e-15
109367 4.22651e-14 1.27723e-15
141893 2.07112e-14 7.97898e-16
184091 1.17018e-14 4.70664e-16
238838 9.22628e-15 4.2436e-16
309868 5.79262e-15 2.82038e-16
402020 2.88611e-15 1.80557e-16
521579 1.62624e-15 1.03483e-16
676694 9.78745e-16 5.86326e-17
877938 5.82021e-16 5.59424e-17
