3.368030000000000257e+01 4.726879999999999880e-06 3.932210000000000011e-09
4.245060000000000144e+01 2.558870000000000202e-06 1.276019999999999901e-09
5.350469999999999970e+01 1.441700000000000105e-06 1.074909999999999962e-09
6.743739999999999668e+01 6.151209999999999929e-07 5.216240000000000384e-10
8.499809999999999377e+01 2.017259999999999893e-07 3.099249999999999922e-10
1.071320000000000050e+02 1.253860000000000085e-07 1.591839999999999954e-10
1.350289999999999964e+02 7.600839999999999656e-08 1.439299999999999879e-10
1.701899999999999977e+02 4.477990000000000250e-08 7.239779999999999995e-11
2.145080000000000098e+02 2.641799999999999873e-08 6.457060000000000034e-11
2.703650000000000091e+02 1.610560000000000030e-08 3.090330000000000303e-11
3.407690000000000055e+02 9.715389999999999886e-09 2.353889999999999858e-11
4.295049999999999955e+02 5.714590000000000219e-09 1.364769999999999969e-11
5.413479999999999563e+02 3.366299999999999842e-09 9.763940000000000096e-12
6.823150000000000546e+02 1.974209999999999948e-09 6.551799999999999608e-12
8.599900000000000091e+02 1.129509999999999959e-09 4.225680000000000226e-12
1.083930000000000064e+03 6.223209999999999854e-10 2.978669999999999868e-12
1.366190000000000055e+03 3.469540000000000098e-10 1.694120000000000055e-12
1.721940000000000055e+03 1.923520000000000043e-10 1.267520000000000036e-12
2.170340000000000146e+03 1.114200000000000014e-10 6.761390000000000132e-13
2.735489999999999782e+03 6.559170000000000212e-11 5.680859999999999686e-13
3.447809999999999945e+03 3.803050000000000118e-11 2.813009999999999946e-13
4.345619999999999891e+03 2.168229999999999941e-11 2.483880000000000216e-13
5.477229999999999563e+03 1.382619999999999939e-11 1.256100000000000070e-13
6.903500000000000000e+03 8.713779999999999247e-12 1.183879999999999950e-13
8.701170000000000073e+03 5.297570000000000014e-12 6.014780000000000600e-14
1.096700000000000000e+04 3.238659999999999854e-12 5.107380000000000094e-14
1.382270000000000073e+04 1.960329999999999988e-12 2.608310000000000134e-14
1.742220000000000073e+04 1.170499999999999910e-12 2.285649999999999896e-14
2.195890000000000146e+04 7.731819999999999865e-13 1.188340000000000058e-14
2.767700000000000000e+04 5.038460000000000323e-13 9.619769999999999724e-15
3.488409999999999854e+04 3.317420000000000015e-13 6.612170000000000314e-15
4.396800000000000000e+04 2.201989999999999890e-13 4.000949999999999666e-15
5.541719999999999709e+04 1.470199999999999885e-13 3.809929999999999966e-15
6.984789999999999418e+04 9.368770000000000024e-14 1.868589999999999860e-15
8.803630000000000291e+04 5.838790000000000357e-14 1.578540000000000008e-15
1.109610000000000000e+05 4.418389999999999917e-14 1.099870000000000062e-15
1.398550000000000000e+05 3.527240000000000099e-14 7.306519999999999853e-16
1.762730000000000000e+05 2.956579999999999934e-14 7.398789999999999871e-16
2.221750000000000000e+05 1.740950000000000019e-14 4.244279999999999914e-16
2.800290000000000000e+05 9.201769999999999637e-15 2.118079999999999995e-16
3.529490000000000000e+05 4.966260000000000357e-15 1.309499999999999881e-16
4.448570000000000000e+05 2.669439999999999847e-15 8.815719999999999803e-17
5.606980000000000000e+05 1.436000000000000063e-15 5.948429999999999709e-17
7.067040000000000000e+05 7.723630000000000432e-16 3.916369999999999754e-17
8.907290000000000000e+05 4.154339999999999975e-16 2.512009999999999932e-17
1.000000000000000000e+06 3.046781358492348396e-16 0.000000000000000000e+00
2.000000000000000000e+06 4.755619363726941395e-17 0.000000000000000000e+00
3.000000000000000000e+06 1.604561347345450921e-17 0.000000000000000000e+00
