3.368030000000000257e+01 2.319129999999999936e-06 3.809309999999999949e-09
4.245060000000000144e+01 1.198660000000000014e-06 1.181869999999999973e-09
5.350469999999999970e+01 6.223990000000000399e-07 9.518580000000000439e-10
6.743739999999999668e+01 3.129690000000000015e-07 4.996400000000000448e-10
8.499809999999999377e+01 1.481170000000000021e-07 3.699559999999999992e-10
1.071320000000000050e+02 9.026139999999999852e-08 1.800950000000000124e-10
1.350289999999999964e+02 5.455820000000000212e-08 1.561579999999999895e-10
1.701899999999999977e+02 3.287309999999999808e-08 7.590660000000000131e-11
2.145080000000000098e+02 1.981900000000000032e-08 6.688550000000000131e-11
2.703650000000000091e+02 1.189829999999999974e-08 2.887180000000000144e-11
3.407690000000000055e+02 7.156049999999999913e-09 2.094830000000000031e-11
4.295049999999999955e+02 4.352899999999999723e-09 1.188759999999999955e-11
5.413479999999999563e+02 2.598740000000000065e-09 8.524409999999999621e-12
6.823150000000000546e+02 1.485860000000000078e-09 5.622049999999999859e-12
8.599900000000000091e+02 8.425549999999999923e-10 3.609660000000000191e-12
1.083930000000000064e+03 4.692569999999999647e-10 2.622520000000000017e-12
1.366190000000000055e+03 2.524400000000000092e-10 1.474670000000000016e-12
1.721940000000000055e+03 1.292319999999999938e-10 1.091370000000000024e-12
2.170340000000000146e+03 7.622599999999999609e-11 5.928760000000000074e-13
2.735489999999999782e+03 4.744619999999999871e-11 5.244069999999999686e-13
3.447809999999999945e+03 2.733300000000000076e-11 2.583590000000000000e-13
4.345619999999999891e+03 1.549350000000000057e-11 2.271330000000000026e-13
5.477229999999999563e+03 9.850659999999999953e-12 1.148409999999999900e-13
6.903500000000000000e+03 6.162329999999999653e-12 1.076469999999999981e-13
8.701170000000000073e+03 3.853899999999999967e-12 5.557089999999999902e-14
1.096700000000000000e+04 2.400919999999999831e-12 4.783849999999999982e-14
1.382270000000000073e+04 1.427490000000000009e-12 2.394559999999999846e-14
1.742220000000000073e+04 8.377739999999999601e-13 2.059839999999999960e-14
2.195890000000000146e+04 5.660170000000000306e-13 1.076029999999999935e-14
2.767700000000000000e+04 3.740309999999999943e-13 8.546909999999999879e-15
3.488409999999999854e+04 2.561380000000000139e-13 6.055429999999999870e-15
4.396800000000000000e+04 1.822720000000000083e-13 3.652519999999999642e-15
5.541719999999999709e+04 1.296829999999999988e-13 3.578750000000000023e-15
6.984789999999999418e+04 8.861169999999999743e-14 1.797220000000000043e-15
8.803630000000000291e+04 5.923870000000000233e-14 1.532690000000000062e-15
1.109610000000000000e+05 4.739039999999999793e-14 1.124010000000000095e-15
1.398550000000000000e+05 3.970549999999999803e-14 7.696939999999999598e-16
1.762730000000000000e+05 3.551390000000000304e-14 8.187849999999999523e-16
2.221750000000000000e+05 2.043850000000000109e-14 4.616879999999999796e-16
2.800290000000000000e+05 1.028410000000000001e-14 2.272899999999999916e-16
3.529490000000000000e+05 5.312650000000000055e-15 1.394869999999999974e-16
4.448570000000000000e+05 2.730220000000000018e-15 9.108299999999999521e-17
5.606980000000000000e+05 1.404529999999999967e-15 5.891099999999999722e-17
7.067040000000000000e+05 7.223939999999999603e-16 3.703490000000000005e-17
8.907290000000000000e+05 3.715650000000000039e-16 2.266250000000000094e-17
1.000000000000000000e+06 2.664796332851352240e-16 0.000000000000000000e+00
2.000000000000000000e+06 3.638024078289611732e-17 0.000000000000000000e+00
3.000000000000000000e+06 1.134987042546331231e-17 0.000000000000000000e+00
