34.171 7.40112e-06 3.24708e-09
44.3332 3.91462e-06 1.10542e-09
57.5177 2.11269e-06 8.28954e-10
74.6231 9.76764e-07 4.24548e-10
96.8155 3.88972e-07 2.44286e-10
125.608 2.03041e-07 1.3648e-10
162.963 1.22756e-07 1.03111e-10
211.427 6.51944e-08 5.90977e-11
274.305 3.41682e-08 4.18101e-11
355.881 1.85598e-08 2.45672e-11
461.718 1.00263e-08 1.76952e-11
599.03 5.51122e-09 1.05482e-11
777.179 3.01195e-09 7.78923e-12
1008.31 1.45065e-09 4.1673e-12
1308.17 7.13788e-10 3.00667e-12
1697.21 3.60636e-10 1.67506e-12
2201.96 1.79255e-10 1.17171e-12
2856.81 9.0648e-11 6.41476e-13
3706.4 4.67734e-11 4.38109e-13
4808.67 2.71171e-11 2.63702e-13
6238.74 1.77631e-11 1.87633e-13
8094.1 1.25402e-11 1.35162e-13
10501.2 7.7038e-12 8.98093e-14
13624.2 4.5674e-12 5.5061e-14
17676 2.66532e-12 3.77862e-14
22932.8 1.46268e-12 2.16362e-14
29752.8 8.55979e-13 1.49668e-14
38601.2 5.43119e-13 9.86011e-15
50080.9 3.28197e-13 6.83378e-15
64974.7 1.95396e-13 4.19622e-15
84297.8 1.25955e-13 3.02893e-15
109367 8.8049e-14 2.15268e-15
141893 6.93838e-14 1.7501e-15
184091 4.85418e-14 1.25433e-15
238838 3.18222e-14 9.44644e-16
309868 1.77395e-14 5.60324e-16
402020 8.03416e-15 3.32824e-16
521579 3.99187e-15 1.71734e-16
676694 2.08804e-15 9.81556e-17
877938 1.08154e-15 8.24906e-17
