34.171 7.01535e-06 1.86756e-09
44.3332 3.1935e-06 5.56963e-10
57.5177 1.46937e-06 3.92908e-10
74.6231 6.27696e-07 1.92277e-10
96.8155 2.43974e-07 1.1736e-10
125.608 1.22008e-07 6.36485e-11
162.963 7.18371e-08 4.87521e-11
211.427 3.75287e-08 2.77181e-11
274.305 1.90218e-08 1.93671e-11
355.881 1.02024e-08 1.12095e-11
461.718 5.65924e-09 8.16268e-12
599.03 3.08885e-09 4.80871e-12
777.179 1.67653e-09 3.47493e-12
1008.31 8.53292e-10 1.9338e-12
1308.17 4.31055e-10 1.36201e-12
1697.21 2.21486e-10 7.69548e-13
2201.96 1.06887e-10 5.22874e-13
2856.81 5.77249e-11 2.99811e-13
3706.4 3.35073e-11 2.1054e-13
4808.67 1.99789e-11 1.28095e-13
6238.74 1.37025e-11 8.8394e-14
8094.1 1.0232e-11 6.63049e-14
10501.2 6.60326e-12 4.40543e-14
13624.2 4.03551e-12 2.77143e-14
17676 2.29358e-12 1.86156e-14
22932.8 1.23583e-12 1.0488e-14
29752.8 7.23507e-13 7.32464e-15
38601.2 4.56081e-13 4.82135e-15
50080.9 2.62444e-13 3.27125e-15
64974.7 1.51246e-13 1.94584e-15
84297.8 1.01083e-13 1.44069e-15
109367 7.32061e-14 1.06479e-15
141893 5.26626e-14 8.1814e-16
184091 3.2941e-14 5.29262e-16
238838 2.1241e-14 4.04536e-16
309868 1.09445e-14 2.28623e-16
402020 4.30465e-15 1.30633e-16
521579 2.02371e-15 6.53719e-17
676694 1.05567e-15 4.14178e-17
877938 5.3984e-16 3.4572e-17
