3.368030000000000257e+01 2.534320000000000157e-06 5.463359999999999629e-09
4.245060000000000144e+01 1.191380000000000018e-06 1.543760000000000054e-09
5.350469999999999970e+01 5.563630000000000169e-07 1.155270000000000085e-09
6.743739999999999668e+01 2.724860000000000221e-07 5.772620000000000483e-10
8.499809999999999377e+01 1.295709999999999894e-07 4.062070000000000119e-10
1.071320000000000050e+02 8.851409999999999981e-08 2.038319999999999998e-10
1.350289999999999964e+02 6.101699999999999640e-08 1.768379999999999895e-10
1.701899999999999977e+02 3.767229999999999780e-08 8.340840000000000636e-11
2.145080000000000098e+02 2.364120000000000062e-08 7.361649999999999596e-11
2.703650000000000091e+02 1.424279999999999966e-08 3.297379999999999991e-11
3.407690000000000055e+02 8.612169999999999223e-09 2.451680000000000071e-11
4.295049999999999955e+02 5.089480000000000089e-09 1.395010000000000051e-11
5.413479999999999563e+02 2.991769999999999896e-09 9.908309999999999813e-12
6.823150000000000546e+02 1.705950000000000091e-09 6.441479999999999731e-12
8.599900000000000091e+02 9.880469999999999899e-10 4.172369999999999921e-12
1.083930000000000064e+03 5.867759999999999805e-10 3.030519999999999894e-12
1.366190000000000055e+03 3.257859999999999853e-10 1.729539999999999919e-12
1.721940000000000055e+03 1.704539999999999989e-10 1.261570000000000046e-12
2.170340000000000146e+03 9.941420000000000345e-11 6.763199999999999899e-13
2.735489999999999782e+03 6.007799999999999664e-11 5.797759999999999925e-13
3.447809999999999945e+03 3.496560000000000279e-11 2.851740000000000226e-13
4.345619999999999891e+03 2.023900000000000050e-11 2.529559999999999775e-13
5.477229999999999563e+03 1.222429999999999992e-11 1.255779999999999876e-13
6.903500000000000000e+03 7.346829999999999705e-12 1.156070000000000091e-13
8.701170000000000073e+03 4.371599999999999669e-12 5.967440000000000268e-14
1.096700000000000000e+04 2.603829999999999821e-12 5.011129999999999999e-14
1.382270000000000073e+04 1.528610000000000087e-12 2.550849999999999867e-14
1.742220000000000073e+04 9.024489999999999849e-13 2.244599999999999910e-14
2.195890000000000146e+04 5.223730000000000401e-13 1.112830000000000059e-14
2.767700000000000000e+04 3.040740000000000229e-13 9.080829999999999688e-15
3.488409999999999854e+04 1.733530000000000036e-13 5.578390000000000307e-15
4.396800000000000000e+04 9.619490000000000595e-14 3.444109999999999871e-15
5.541719999999999709e+04 5.440589999999999843e-14 2.968909999999999959e-15
6.984789999999999418e+04 2.796880000000000120e-14 1.436819999999999946e-15
8.803630000000000291e+04 1.465350000000000037e-14 1.204039999999999938e-15
1.109610000000000000e+05 7.618449999999999776e-15 6.261430000000000062e-16
1.398550000000000000e+05 3.948500000000000164e-15 3.947459999999999855e-16
1.762730000000000000e+05 2.081390000000000084e-15 3.024249999999999789e-16
2.221750000000000000e+05 9.786329999999999417e-16 1.605580000000000049e-16
2.800290000000000000e+05 4.454319999999999576e-16 1.076240000000000060e-16
3.529490000000000000e+05 2.040900000000000041e-16 7.249409999999999700e-17
4.448570000000000000e+05 9.338379999999999455e-17 4.481429999999999734e-17
5.606980000000000000e+05 4.274089999999999727e-17 2.602480000000000037e-17
7.067040000000000000e+05 1.956089999999999889e-17 1.447440000000000057e-17
8.907290000000000000e+05 8.952440000000000721e-18 7.807979999999999340e-18
1.000000000000000000e+06 6.056425880825634432e-18 0.000000000000000000e+00
2.000000000000000000e+06 5.828314870034259929e-19 0.000000000000000000e+00
3.000000000000000000e+06 1.481928298785512891e-19 0.000000000000000000e+00
