34.171 4.46106e-06 2.89305e-09
44.3332 2.64015e-06 1.0779e-09
57.5177 1.60159e-06 7.69372e-10
74.6231 7.95737e-07 4.11983e-10
96.8155 3.29985e-07 2.33864e-10
125.608 1.74343e-07 1.32322e-10
162.963 1.03817e-07 1.00225e-10
211.427 5.70405e-08 5.92548e-11
274.305 3.13156e-08 4.31708e-11
355.881 1.72215e-08 2.56302e-11
461.718 9.37834e-09 1.85431e-11
599.03 5.15663e-09 1.10246e-11
777.179 2.79515e-09 7.98836e-12
1008.31 1.40024e-09 4.37874e-12
1308.17 7.00471e-10 3.05899e-12
1697.21 3.4854e-10 1.67131e-12
2201.96 1.74557e-10 1.17203e-12
2856.81 8.62095e-11 6.30013e-13
3706.4 4.2805e-11 4.23554e-13
4808.67 2.47273e-11 2.53151e-13
6238.74 1.69712e-11 1.82398e-13
8094.1 1.22954e-11 1.33846e-13
10501.2 7.81625e-12 8.97179e-14
13624.2 4.81828e-12 5.73863e-14
17676 2.62162e-12 3.79351e-14
22932.8 1.4e-12 2.11713e-14
29752.8 8.79254e-13 1.56194e-14
38601.2 5.41133e-13 1.00775e-14
50080.9 2.93017e-13 6.61642e-15
64974.7 1.72621e-13 4.02666e-15
84297.8 1.15354e-13 2.95251e-15
109367 8.70791e-14 2.23908e-15
141893 8.13089e-14 1.98921e-15
184091 6.06414e-14 1.49625e-15
238838 3.84152e-14 1.0545e-15
309868 2.20121e-14 6.36903e-16
402020 1.07836e-14 3.97957e-16
521579 5.59256e-15 2.1406e-16
676694 2.96176e-15 1.24446e-16
877938 1.56231e-15 1.06539e-16
