3.368030000000000257e+01 5.593590000000000260e-06 3.755729999999999809e-09
4.245060000000000144e+01 2.973520000000000119e-06 1.198939999999999998e-09
5.350469999999999970e+01 1.627140000000000103e-06 1.027500000000000019e-09
6.743739999999999668e+01 7.276460000000000294e-07 5.132499999999999595e-10
8.499809999999999377e+01 2.634220000000000145e-07 3.273690000000000200e-10
1.071320000000000050e+02 1.702770000000000099e-07 1.700990000000000037e-10
1.350289999999999964e+02 1.093269999999999969e-07 1.577669999999999888e-10
1.701899999999999977e+02 6.305509999999999663e-08 7.703989999999999367e-11
2.145080000000000098e+02 3.698680000000000136e-08 6.801270000000000079e-11
2.703650000000000091e+02 2.057709999999999835e-08 3.041189999999999969e-11
3.407690000000000055e+02 1.161690000000000028e-08 2.190370000000000006e-11
4.295049999999999955e+02 6.722290000000000368e-09 1.261799999999999975e-11
5.413479999999999563e+02 3.883629999999999750e-09 8.886830000000000009e-12
6.823150000000000546e+02 2.291999999999999943e-09 6.125939999999999644e-12
8.599900000000000091e+02 1.279460000000000046e-09 3.908450000000000375e-12
1.083930000000000064e+03 6.602680000000000199e-10 2.741880000000000026e-12
1.366190000000000055e+03 3.566620000000000035e-10 1.549090000000000016e-12
1.721940000000000055e+03 1.947930000000000066e-10 1.217479999999999978e-12
2.170340000000000146e+03 1.106350000000000010e-10 6.529790000000000392e-13
2.735489999999999782e+03 6.379239999999999624e-11 5.614390000000000071e-13
3.447809999999999945e+03 3.647800000000000188e-11 2.792720000000000241e-13
4.345619999999999891e+03 2.049809999999999886e-11 2.472880000000000061e-13
5.477229999999999563e+03 1.294170000000000008e-11 1.246560000000000093e-13
6.903500000000000000e+03 8.042429999999999286e-12 1.163979999999999954e-13
8.701170000000000073e+03 4.968030000000000188e-12 5.988039999999999696e-14
1.096700000000000000e+04 3.065779999999999888e-12 5.124640000000000063e-14
1.382270000000000073e+04 1.849940000000000092e-12 2.590919999999999905e-14
1.742220000000000073e+04 1.101440000000000000e-12 2.254540000000000067e-14
2.195890000000000146e+04 7.351130000000000000e-13 1.173540000000000054e-14
2.767700000000000000e+04 4.829779999999999843e-13 9.421520000000000102e-15
3.488409999999999854e+04 3.219079999999999951e-13 6.526149999999999757e-15
4.396800000000000000e+04 2.185629999999999947e-13 3.900320000000000237e-15
5.541719999999999709e+04 1.446980000000000111e-13 3.624650000000000237e-15
6.984789999999999418e+04 1.099849999999999979e-13 1.949049999999999988e-15
8.803630000000000291e+04 7.907779999999999451e-14 1.680609999999999910e-15
1.109610000000000000e+05 6.914530000000000123e-14 1.333549999999999946e-15
1.398550000000000000e+05 6.348230000000000052e-14 9.357189999999999311e-16
1.762730000000000000e+05 6.246170000000000283e-14 1.021819999999999908e-15
2.221750000000000000e+05 3.912600000000000034e-14 6.186860000000000312e-16
2.800290000000000000e+05 2.130109999999999897e-14 3.105329999999999915e-16
3.529490000000000000e+05 1.191169999999999987e-14 1.935119999999999977e-16
4.448570000000000000e+05 6.626770000000000196e-15 1.332329999999999997e-16
5.606980000000000000e+05 3.690300000000000031e-15 9.287760000000000567e-17
7.067040000000000000e+05 2.054660000000000140e-15 6.338030000000000163e-17
8.907290000000000000e+05 1.144020000000000000e-15 4.216700000000000065e-17
1.000000000000000000e+06 8.536492524026674953e-16 0.000000000000000000e+00
2.000000000000000000e+06 1.477783028709988108e-16 0.000000000000000000e+00
3.000000000000000000e+06 5.297402775924795985e-17 0.000000000000000000e+00
