3.368030000000000257e+01 6.784099999999999980e-06 2.479509999999999847e-09
4.245060000000000144e+01 3.576299999999999962e-06 7.845909999999999844e-10
5.350469999999999970e+01 1.927050000000000040e-06 6.550779999999999582e-10
6.743739999999999668e+01 8.912690000000000381e-07 3.254799999999999969e-10
8.499809999999999377e+01 3.485840000000000197e-07 2.106719999999999990e-10
1.071320000000000050e+02 2.201390000000000100e-07 1.051019999999999954e-10
1.350289999999999964e+02 1.356820000000000102e-07 9.155189999999999484e-11
1.701899999999999977e+02 8.646680000000000503e-08 4.565390000000000119e-11
2.145080000000000098e+02 5.548529999999999988e-08 4.195489999999999928e-11
2.703650000000000091e+02 2.972829999999999959e-08 1.808010000000000007e-11
3.407690000000000055e+02 1.674389999999999881e-08 1.297259999999999988e-11
4.295049999999999955e+02 1.016320000000000064e-08 7.473159999999999632e-12
5.413479999999999563e+02 6.339980000000000269e-09 5.567319999999999748e-12
6.823150000000000546e+02 4.598200000000000107e-09 4.109050000000000147e-12
8.599900000000000091e+02 2.893110000000000156e-09 2.872339999999999856e-12
1.083930000000000064e+03 1.565160000000000001e-09 1.991180000000000003e-12
1.366190000000000055e+03 8.224050000000000154e-10 1.104429999999999970e-12
1.721940000000000055e+03 4.086199999999999807e-10 8.161250000000000187e-13
2.170340000000000146e+03 2.180910000000000020e-10 4.243029999999999844e-13
2.735489999999999782e+03 1.166170000000000069e-10 3.554689999999999770e-13
3.447809999999999945e+03 6.870609999999999862e-11 1.805219999999999905e-13
4.345619999999999891e+03 3.863499999999999764e-11 1.585259999999999952e-13
5.477229999999999563e+03 2.926579999999999834e-11 8.787119999999999417e-14
6.903500000000000000e+03 2.147109999999999966e-11 9.022570000000000196e-14
8.701170000000000073e+03 1.473350000000000139e-11 4.759239999999999924e-14
1.096700000000000000e+04 1.017410000000000044e-11 4.389270000000000264e-14
1.382270000000000073e+04 6.468149999999999657e-12 2.255439999999999904e-14
1.742220000000000073e+04 4.101989999999999973e-12 2.042860000000000067e-14
2.195890000000000146e+04 2.903250000000000175e-12 1.126930000000000032e-14
2.767700000000000000e+04 2.049749999999999824e-12 9.711200000000000502e-15
3.488409999999999854e+04 1.360430000000000091e-12 6.761800000000000342e-15
4.396800000000000000e+04 8.290740000000000072e-13 4.017400000000000160e-15
5.541719999999999709e+04 5.293349999999999856e-13 3.756260000000000022e-15
6.984789999999999418e+04 2.749579999999999781e-13 1.701869999999999983e-15
8.803630000000000291e+04 1.457570000000000119e-13 1.373750000000000087e-15
1.109610000000000000e+05 8.717329999999999520e-14 7.750109999999999632e-16
1.398550000000000000e+05 5.445209999999999827e-14 4.626469999999999819e-16
1.762730000000000000e+05 3.331990000000000250e-14 3.751669999999999883e-16
2.221750000000000000e+05 2.214510000000000085e-14 2.393170000000000093e-16
2.800290000000000000e+05 1.508529999999999922e-14 1.360910000000000010e-16
3.529490000000000000e+05 1.023039999999999995e-14 8.802660000000000583e-17
4.448570000000000000e+05 6.943549999999999794e-15 6.758290000000000113e-17
5.606980000000000000e+05 4.712020000000000391e-15 5.644279999999999983e-17
7.067040000000000000e+05 3.197749999999999946e-15 4.746070000000000200e-17
8.907290000000000000e+05 2.170099999999999902e-15 3.912979999999999959e-17
1.000000000000000000e+06 1.787708557849260944e-15 0.000000000000000000e+00
2.000000000000000000e+06 5.597964972299804895e-16 0.000000000000000000e+00
3.000000000000000000e+06 2.838266419491946187e-16 0.000000000000000000e+00
