3.368030000000000257e+01 4.924109999999999853e-06 2.219090000000000037e-09
4.245060000000000144e+01 2.509370000000000083e-06 6.791589999999999498e-10
5.350469999999999970e+01 1.299789999999999968e-06 5.522010000000000249e-10
6.743739999999999668e+01 6.003189999999999905e-07 2.752700000000000224e-10
8.499809999999999377e+01 2.436119999999999979e-07 1.862470000000000032e-10
1.071320000000000050e+02 1.448919999999999980e-07 9.104719999999999761e-11
1.350289999999999964e+02 8.490160000000000634e-08 7.913959999999999935e-11
1.701899999999999977e+02 4.945820000000000277e-08 3.881199999999999739e-11
2.145080000000000098e+02 2.881669999999999955e-08 3.392230000000000057e-11
2.703650000000000091e+02 1.691380000000000088e-08 1.554090000000000136e-11
3.407690000000000055e+02 9.925490000000000226e-09 1.147949999999999930e-11
4.295049999999999955e+02 5.873440000000000348e-09 6.584490000000000350e-12
5.413479999999999563e+02 3.461610000000000002e-09 4.694859999999999647e-12
6.823150000000000546e+02 2.041670000000000044e-09 3.151659999999999921e-12
8.599900000000000091e+02 1.165100000000000040e-09 2.032419999999999937e-12
1.083930000000000064e+03 6.343310000000000298e-10 1.439539999999999943e-12
1.366190000000000055e+03 3.484660000000000041e-10 8.181729999999999510e-13
1.721940000000000055e+03 1.888020000000000011e-10 6.228880000000000415e-13
2.170340000000000146e+03 1.099710000000000047e-10 3.361470000000000216e-13
2.735489999999999782e+03 6.572449999999999364e-11 2.894539999999999801e-13
3.447809999999999945e+03 3.842929999999999984e-11 1.439210000000000034e-13
4.345619999999999891e+03 2.218910000000000044e-11 1.281380000000000039e-13
5.477229999999999563e+03 1.396620000000000000e-11 6.448889999999999444e-14
6.903500000000000000e+03 8.701799999999999939e-12 6.043630000000000270e-14
8.701170000000000073e+03 5.324400000000000214e-12 3.100369999999999693e-14
1.096700000000000000e+04 3.263470000000000028e-12 2.642870000000000128e-14
1.382270000000000073e+04 1.960620000000000182e-12 1.338299999999999994e-14
1.742220000000000073e+04 1.171210000000000015e-12 1.172600000000000003e-14
2.195890000000000146e+04 7.438969999999999755e-13 5.952589999999999958e-15
2.767700000000000000e+04 4.660699999999999518e-13 4.754390000000000328e-15
3.488409999999999854e+04 3.041430000000000198e-13 3.240220000000000023e-15
4.396800000000000000e+04 2.080619999999999923e-13 1.980119999999999919e-15
5.541719999999999709e+04 1.417780000000000094e-13 1.907149999999999840e-15
6.984789999999999418e+04 9.396639999999999429e-14 9.461019999999999659e-16
8.803630000000000291e+04 6.079580000000000233e-14 8.011170000000000367e-16
1.109610000000000000e+05 4.719479999999999924e-14 5.708680000000000103e-16
1.398550000000000000e+05 3.844120000000000310e-14 3.813099999999999778e-16
1.762730000000000000e+05 3.316119999999999935e-14 3.923850000000000148e-16
2.221750000000000000e+05 1.921189999999999965e-14 2.222930000000000112e-16
2.800290000000000000e+05 9.858449999999999887e-15 1.103429999999999990e-16
3.529490000000000000e+05 5.179889999999999847e-15 6.811880000000000457e-17
4.448570000000000000e+05 2.709030000000000161e-15 4.507600000000000266e-17
5.606980000000000000e+05 1.418089999999999935e-15 2.964609999999999820e-17
7.067040000000000000e+05 7.421890000000000187e-16 1.897299999999999911e-17
8.907290000000000000e+05 3.884550000000000180e-16 1.182209999999999967e-17
1.000000000000000000e+06 2.810300338792018053e-16 0.000000000000000000e+00
2.000000000000000000e+06 4.042161775998407255e-17 0.000000000000000000e+00
3.000000000000000000e+06 1.300151404033623670e-17 0.000000000000000000e+00
