3.368030000000000257e+01 1.620329999999999951e-06 7.567269999999999243e-09
4.245060000000000144e+01 8.634130000000000036e-07 2.415289999999999835e-09
5.350469999999999970e+01 4.587930000000000240e-07 1.878609999999999989e-09
6.743739999999999668e+01 2.485320000000000182e-07 9.900860000000000074e-10
8.499809999999999377e+01 1.293639999999999929e-07 6.697530000000000135e-10
1.071320000000000050e+02 9.178530000000000067e-08 3.324199999999999750e-10
1.350289999999999964e+02 6.802019999999999389e-08 2.781380000000000170e-10
1.701899999999999977e+02 3.689199999999999709e-08 1.182569999999999877e-10
2.145080000000000098e+02 2.087199999999999989e-08 9.594519999999999713e-11
2.703650000000000091e+02 1.150040000000000053e-08 4.030720000000000015e-11
3.407690000000000055e+02 6.451050000000000383e-09 2.809389999999999927e-11
4.295049999999999955e+02 3.894689999999999917e-09 1.539729999999999862e-11
5.413479999999999563e+02 2.344359999999999957e-09 1.095979999999999940e-11
6.823150000000000546e+02 1.484580000000000058e-09 7.111090000000000146e-12
8.599900000000000091e+02 8.662430000000000247e-10 4.618049999999999694e-12
1.083930000000000064e+03 4.592520000000000081e-10 3.151239999999999808e-12
1.366190000000000055e+03 2.396330000000000037e-10 1.737950000000000082e-12
1.721940000000000055e+03 1.169949999999999925e-10 1.265169999999999950e-12
2.170340000000000146e+03 7.292969999999999529e-11 7.031929999999999704e-13
2.735489999999999782e+03 4.963809999999999788e-11 6.300099999999999580e-13
3.447809999999999945e+03 3.101060000000000198e-11 3.148419999999999927e-13
4.345619999999999891e+03 1.948549999999999891e-11 2.845860000000000154e-13
5.477229999999999563e+03 1.197430000000000079e-11 1.393469999999999918e-13
6.903500000000000000e+03 7.397239999999999689e-12 1.291709999999999905e-13
8.701170000000000073e+03 4.483420000000000297e-12 6.647459999999999829e-14
1.096700000000000000e+04 2.715930000000000121e-12 5.632529999999999881e-14
1.382270000000000073e+04 1.547280000000000047e-12 2.812359999999999969e-14
1.742220000000000073e+04 8.949220000000000312e-13 2.438360000000000124e-14
2.195890000000000146e+04 5.045679999999999963e-13 1.192740000000000050e-14
2.767700000000000000e+04 2.856099999999999816e-13 9.603469999999999834e-15
3.488409999999999854e+04 1.609900000000000037e-13 5.827110000000000136e-15
4.396800000000000000e+04 9.014620000000000215e-14 3.579119999999999672e-15
5.541719999999999709e+04 5.121969999999999884e-14 3.088129999999999951e-15
6.984789999999999418e+04 2.657370000000000028e-14 1.502340000000000072e-15
8.803630000000000291e+04 1.438319999999999911e-14 1.297660000000000067e-15
1.109610000000000000e+05 6.520299999999999869e-15 6.443199999999999858e-16
1.398550000000000000e+05 2.809289999999999941e-15 4.166909999999999901e-16
1.762730000000000000e+05 1.225590000000000061e-15 2.762609999999999939e-16
2.221750000000000000e+05 5.258569999999999776e-16 1.416030000000000006e-16
2.800290000000000000e+05 2.248289999999999798e-16 9.720169999999999640e-17
3.529490000000000000e+05 9.619579999999999469e-17 6.245649999999999735e-17
4.448570000000000000e+05 4.115219999999999893e-17 3.626069999999999996e-17
5.606980000000000000e+05 1.760540000000000032e-17 1.969509999999999930e-17
7.067040000000000000e+05 7.531709999999999500e-18 1.023529999999999976e-17
8.907290000000000000e+05 3.222129999999999972e-18 5.157739999999999643e-18
1.000000000000000000e+06 2.107494135307997814e-18 0.000000000000000000e+00
2.000000000000000000e+06 1.657019756684555603e-19 0.000000000000000000e+00
3.000000000000000000e+06 3.743453730856569077e-20 0.000000000000000000e+00
