34.171 2.3971e-06 3.76733e-09
44.3332 1.20564e-06 1.21175e-09
57.5177 6.03916e-07 8.085e-10
74.6231 3.0951e-07 4.37748e-10
96.8155 1.62917e-07 2.76593e-10
125.608 9.49897e-08 1.66709e-10
162.963 5.78773e-08 1.12522e-10
211.427 3.13739e-08 6.41516e-11
274.305 1.64009e-08 4.2426e-11
355.881 8.74983e-09 2.44013e-11
461.718 4.57059e-09 1.70724e-11
599.03 2.26997e-09 9.39039e-12
777.179 1.08261e-09 6.5159e-12
1008.31 5.29299e-10 3.47511e-12
1308.17 2.92497e-10 2.6005e-12
1697.21 1.52907e-10 1.49503e-12
2201.96 7.2045e-11 9.98498e-13
2856.81 3.69015e-11 5.39128e-13
3706.4 2.32925e-11 3.95221e-13
4808.67 1.5194e-11 2.636e-13
6238.74 9.46803e-12 1.72309e-13
8094.1 6.41698e-12 1.19197e-13
10501.2 3.78399e-12 7.80553e-14
13624.2 2.2067e-12 4.72815e-14
17676 1.27439e-12 3.24229e-14
22932.8 6.83588e-13 1.83131e-14
29752.8 3.84138e-13 1.26982e-14
38601.2 2.02781e-13 7.28166e-15
50080.9 9.69423e-14 4.83582e-15
64974.7 4.68811e-14 2.58716e-15
84297.8 2.39097e-14 1.89825e-15
109367 1.12872e-14 1.01811e-15
141893 5.17972e-15 7.24087e-16
184091 2.48071e-15 3.92597e-16
238838 1.17958e-15 2.83282e-16
309868 5.14481e-16 1.37519e-16
402020 2.00005e-16 7.72057e-17
521579 1.25153e-16 4.84746e-17
676694 1.20479e-16 3.41877e-17
877938 1.08157e-16 4.78175e-17
