3.368030000000000257e+01 1.029110000000000088e-06 6.114729999999999625e-09
4.245060000000000144e+01 5.844790000000000286e-07 2.071920000000000017e-09
5.350469999999999970e+01 3.300750000000000225e-07 1.504760000000000085e-09
6.743739999999999668e+01 1.936420000000000077e-07 8.317470000000000230e-10
8.499809999999999377e+01 1.128250000000000061e-07 5.687600000000000088e-10
1.071320000000000050e+02 7.868699999999999514e-08 2.828719999999999926e-10
1.350289999999999964e+02 5.662000000000000011e-08 2.416100000000000063e-10
1.701899999999999977e+02 3.289900000000000230e-08 1.088399999999999959e-10
2.145080000000000098e+02 1.962750000000000155e-08 9.234189999999999935e-11
2.703650000000000091e+02 1.187079999999999999e-08 3.925700000000000206e-11
3.407690000000000055e+02 7.142430000000000119e-09 2.811159999999999989e-11
4.295049999999999955e+02 4.259039999999999801e-09 1.552359999999999900e-11
5.413479999999999563e+02 2.489549999999999949e-09 1.088220000000000062e-11
6.823150000000000546e+02 1.362410000000000055e-09 6.882010000000000076e-12
8.599900000000000091e+02 7.692750000000000138e-10 4.353720000000000153e-12
1.083930000000000064e+03 4.476020000000000018e-10 3.104510000000000067e-12
1.366190000000000055e+03 2.512830000000000100e-10 1.780390000000000050e-12
1.721940000000000055e+03 1.369690000000000106e-10 1.326840000000000029e-12
2.170340000000000146e+03 7.937239999999999569e-11 7.123709999999999945e-13
2.735489999999999782e+03 4.645220000000000193e-11 6.017239999999999713e-13
3.447809999999999945e+03 2.840190000000000159e-11 3.044740000000000010e-13
4.345619999999999891e+03 1.734920000000000043e-11 2.785590000000000049e-13
5.477229999999999563e+03 1.070190000000000068e-11 1.375069999999999966e-13
6.903500000000000000e+03 6.654240000000000129e-12 1.286830000000000031e-13
8.701170000000000073e+03 3.805459999999999822e-12 6.483519999999999772e-14
1.096700000000000000e+04 2.212999999999999961e-12 5.345620000000000274e-14
1.382270000000000073e+04 1.298180000000000028e-12 2.725969999999999920e-14
1.742220000000000073e+04 7.622630000000000408e-13 2.389010000000000061e-14
2.195890000000000146e+04 4.400030000000000084e-13 1.168560000000000040e-14
2.767700000000000000e+04 2.555969999999999761e-13 9.395099999999999961e-15
3.488409999999999854e+04 1.443680000000000014e-13 5.708339999999999983e-15
4.396800000000000000e+04 7.872540000000000400e-14 3.442860000000000097e-15
5.541719999999999709e+04 4.367650000000000201e-14 2.906809999999999995e-15
6.984789999999999418e+04 2.252740000000000077e-14 1.439400000000000078e-15
8.803630000000000291e+04 1.202750000000000069e-14 1.242550000000000045e-15
1.109610000000000000e+05 5.549130000000000301e-15 6.477800000000000460e-16
1.398550000000000000e+05 2.437700000000000148e-15 4.486209999999999982e-16
1.762730000000000000e+05 1.134979999999999956e-15 3.198420000000000211e-16
2.221750000000000000e+05 3.671799999999999829e-16 1.533199999999999946e-16
2.800290000000000000e+05 1.081199999999999948e-16 8.804869999999999588e-17
3.529490000000000000e+05 3.253380000000000171e-17 4.118109999999999729e-17
4.448570000000000000e+05 9.740590000000000645e-18 1.684730000000000125e-17
5.606980000000000000e+05 2.919729999999999948e-18 6.417409999999999967e-18
7.067040000000000000e+05 8.749470000000000329e-19 2.334759999999999970e-18
8.907290000000000000e+05 2.622089999999999773e-19 8.233770000000000446e-19
1.000000000000000000e+06 1.435418388629874653e-19 0.000000000000000000e+00
2.000000000000000000e+06 3.886412917819999580e-21 0.000000000000000000e+00
3.000000000000000000e+06 4.706102946869403580e-22 0.000000000000000000e+00
