3.368030000000000257e+01 1.111779999999999967e-06 6.564629999999999901e-09
4.245060000000000144e+01 6.386840000000000035e-07 2.249629999999999810e-09
5.350469999999999970e+01 3.657080000000000081e-07 1.648690000000000021e-09
6.743739999999999668e+01 2.140349999999999972e-07 9.041779999999999562e-10
8.499809999999999377e+01 1.237740000000000071e-07 5.988920000000000036e-10
1.071320000000000050e+02 8.322100000000000120e-08 2.872579999999999814e-10
1.350289999999999964e+02 5.753920000000000082e-08 2.360950000000000000e-10
1.701899999999999977e+02 3.273490000000000284e-08 1.056890000000000033e-10
2.145080000000000098e+02 1.905049999999999910e-08 8.841949999999999902e-11
2.703650000000000091e+02 1.156459999999999954e-08 3.928449999999999886e-11
3.407690000000000055e+02 6.967690000000000369e-09 2.881519999999999863e-11
4.295049999999999955e+02 4.233739999999999899e-09 1.599610000000000047e-11
5.413479999999999563e+02 2.532970000000000198e-09 1.139809999999999926e-11
6.823150000000000546e+02 1.464230000000000019e-09 7.284530000000000667e-12
8.599900000000000091e+02 8.331289999999999878e-10 4.644550000000000036e-12
1.083930000000000064e+03 4.556480000000000069e-10 3.211940000000000145e-12
1.366190000000000055e+03 2.596490000000000202e-10 1.845579999999999897e-12
1.721940000000000055e+03 1.501360000000000025e-10 1.387399999999999925e-12
2.170340000000000146e+03 9.028579999999999804e-11 7.503879999999999526e-13
2.735489999999999782e+03 5.506030000000000036e-11 6.220839999999999976e-13
3.447809999999999945e+03 3.363350000000000204e-11 3.113840000000000190e-13
4.345619999999999891e+03 2.054919999999999972e-11 2.818850000000000151e-13
5.477229999999999563e+03 1.257869999999999930e-11 1.400049999999999926e-13
6.903500000000000000e+03 7.731570000000000346e-12 1.307289999999999926e-13
8.701170000000000073e+03 4.568129999999999842e-12 6.691720000000000591e-14
1.096700000000000000e+04 2.710339999999999940e-12 5.595990000000000120e-14
1.382270000000000073e+04 1.536460000000000099e-12 2.780800000000000063e-14
1.742220000000000073e+04 8.749670000000000420e-13 2.374069999999999862e-14
2.195890000000000146e+04 5.113979999999999783e-13 1.175209999999999941e-14
2.767700000000000000e+04 2.981000000000000122e-13 9.475200000000000611e-15
3.488409999999999854e+04 1.732530000000000091e-13 5.889479999999999609e-15
4.396800000000000000e+04 9.972529999999999564e-14 3.588069999999999946e-15
5.541719999999999709e+04 5.912809999999999773e-14 3.198919999999999923e-15
6.984789999999999418e+04 2.903590000000000152e-14 1.510620000000000080e-15
8.803630000000000291e+04 1.483149999999999971e-14 1.248680000000000009e-15
1.109610000000000000e+05 7.367630000000000169e-15 6.439679999999999556e-16
1.398550000000000000e+05 3.621210000000000323e-15 4.259699999999999975e-16
1.762730000000000000e+05 1.851770000000000111e-15 3.243690000000000156e-16
2.221750000000000000e+05 7.225829999999999522e-16 1.758319999999999993e-16
2.800290000000000000e+05 2.619289999999999811e-16 1.191300000000000001e-16
3.529490000000000000e+05 9.648020000000000528e-17 6.778119999999999490e-17
4.448570000000000000e+05 3.541369999999999823e-17 3.395500000000000152e-17
5.606980000000000000e+05 1.300879999999999968e-17 1.584790000000000024e-17
7.067040000000000000e+05 4.777820000000000358e-18 7.067279999999999884e-18
8.907290000000000000e+05 1.754839999999999824e-18 3.055089999999999896e-18
1.000000000000000000e+06 1.063505457492468721e-18 0.000000000000000000e+00
2.000000000000000000e+06 5.295433503613185478e-20 0.000000000000000000e+00
3.000000000000000000e+06 9.157776179876113816e-21 0.000000000000000000e+00
