34.171 1.05622e-06 2.30225e-09
44.3332 6.7189e-07 9.0483e-10
57.5177 4.32184e-07 5.52532e-10
74.6231 2.52141e-07 3.22769e-10
96.8155 1.34201e-07 1.82609e-10
125.608 7.40762e-08 1.04022e-10
162.963 4.07521e-08 6.72386e-11
211.427 2.08196e-08 3.68071e-11
274.305 1.03827e-08 2.45712e-11
355.881 5.50015e-09 1.4045e-11
461.718 2.93341e-09 9.90738e-12
599.03 1.46511e-09 5.40219e-12
777.179 7.25151e-10 3.71301e-12
1008.31 3.78383e-10 2.09917e-12
1308.17 1.96616e-10 1.45326e-12
1697.21 1.00981e-10 8.01074e-13
2201.96 5.10445e-11 5.242e-13
2856.81 3.12263e-11 3.29342e-13
3706.4 2.17406e-11 2.33056e-13
4808.67 1.36606e-11 1.48245e-13
6238.74 8.25153e-12 9.65449e-14
8094.1 5.14647e-12 6.19669e-14
10501.2 2.91839e-12 4.02807e-14
13624.2 1.66496e-12 2.40002e-14
17676 9.51673e-13 1.6498e-14
22932.8 5.11258e-13 9.33314e-15
29752.8 2.87645e-13 6.44677e-15
38601.2 1.66567e-13 4.0108e-15
50080.9 8.19229e-14 2.63017e-15
64974.7 4e-14 1.40267e-15
84297.8 2.20759e-14 1.07471e-15
109367 1.08565e-14 6.0643e-16
141893 4.46359e-15 3.98768e-16
184091 1.92559e-15 2.01216e-16
238838 8.85534e-16 1.52257e-16
309868 3.90232e-16 7.74471e-17
402020 1.5707e-16 4.95079e-17
521579 9.13351e-17 2.90386e-17
676694 7.50517e-17 1.75998e-17
877938 5.81625e-17 2.12718e-17
