3.368030000000000257e+01 2.524930000000000150e-06 5.501289999999999725e-09
4.245060000000000144e+01 1.185820000000000066e-06 1.552999999999999910e-09
5.350469999999999970e+01 5.528650000000000209e-07 1.160749999999999947e-09
6.743739999999999668e+01 2.716190000000000184e-07 5.809140000000000476e-10
8.499809999999999377e+01 1.301069999999999884e-07 4.101699999999999908e-10
1.071320000000000050e+02 8.879560000000000137e-08 2.056560000000000082e-10
1.350289999999999964e+02 6.117219999999999768e-08 1.783700000000000003e-10
1.701899999999999977e+02 3.774819999999999916e-08 8.416760000000000256e-11
2.145080000000000098e+02 2.367750000000000142e-08 7.430759999999999732e-11
2.703650000000000091e+02 1.424389999999999959e-08 3.331110000000000091e-11
3.407690000000000055e+02 8.600379999999999618e-09 2.476350000000000126e-11
4.295049999999999955e+02 5.068410000000000285e-09 1.409569999999999940e-11
5.413479999999999563e+02 2.973870000000000195e-09 1.000219999999999953e-11
6.823150000000000546e+02 1.696439999999999986e-09 6.523239999999999980e-12
8.599900000000000091e+02 9.808580000000000471e-10 4.222359999999999792e-12
1.083930000000000064e+03 5.794729999999999903e-10 3.064249999999999994e-12
1.366190000000000055e+03 3.221780000000000014e-10 1.750740000000000071e-12
1.721940000000000055e+03 1.694690000000000018e-10 1.281730000000000033e-12
2.170340000000000146e+03 9.931269999999999869e-11 6.888559999999999680e-13
2.735489999999999782e+03 6.035560000000000507e-11 5.911389999999999715e-13
3.447809999999999945e+03 3.519679999999999963e-11 2.905270000000000100e-13
4.345619999999999891e+03 2.036269999999999925e-11 2.568380000000000008e-13
5.477229999999999563e+03 1.249129999999999949e-11 1.275530000000000120e-13
6.903500000000000000e+03 7.605389999999999767e-12 1.177999999999999878e-13
8.701170000000000073e+03 4.595499999999999957e-12 6.061850000000000318e-14
1.096700000000000000e+04 2.772940000000000097e-12 5.121860000000000124e-14
1.382270000000000073e+04 1.606120000000000027e-12 2.590900000000000034e-14
1.742220000000000073e+04 9.375980000000000202e-13 2.263049999999999884e-14
2.195890000000000146e+04 5.461820000000000450e-13 1.133429999999999960e-14
2.767700000000000000e+04 3.202980000000000151e-13 9.358720000000000738e-15
3.488409999999999854e+04 1.801369999999999876e-13 5.698819999999999781e-15
4.396800000000000000e+04 9.632519999999999783e-14 3.498169999999999806e-15
5.541719999999999709e+04 5.206350000000000202e-14 2.903850000000000041e-15
6.984789999999999418e+04 2.790509999999999979e-14 1.450759999999999932e-15
8.803630000000000291e+04 1.523719999999999918e-14 1.259810000000000053e-15
1.109610000000000000e+05 7.396740000000000360e-15 6.361130000000000479e-16
1.398550000000000000e+05 3.450769999999999864e-15 4.015819999999999945e-16
1.762730000000000000e+05 1.673629999999999942e-15 2.903660000000000032e-16
2.221750000000000000e+05 6.470929999999999818e-16 1.465480000000000001e-16
2.800290000000000000e+05 2.354180000000000026e-16 9.462710000000000087e-17
3.529490000000000000e+05 8.678820000000000478e-17 5.343030000000000142e-17
4.448570000000000000e+05 3.190249999999999799e-17 2.676069999999999967e-17
5.606980000000000000e+05 1.173450000000000023e-17 1.250379999999999967e-17
7.067040000000000000e+05 4.315630000000000355e-18 5.584319999999999880e-18
8.907290000000000000e+05 1.587219999999999979e-18 2.417840000000000071e-18
1.000000000000000000e+06 9.625691055091704944e-19 0.000000000000000000e+00
2.000000000000000000e+06 4.812230103695036462e-20 0.000000000000000000e+00
3.000000000000000000e+06 8.341807019247849397e-21 0.000000000000000000e+00
