58.473132247         6.13411999539e-07
79.9703628665        2.97717590238e-07
109.370897218        1.42884065716e-07
149.580328631        6.78094435175e-08
204.572471127        3.18217191041e-08
279.782083153        1.47667244835e-08
382.64197339         6.77597480673e-09
523.317569696        3.07458475809e-09
715.711547079        1.37952073879e-09
978.837799999        6.12064335465e-10
1338.7005458         2.68530110942e-10
1830.86426711        1.16497333496e-10
2503.96847533        4.99765249964e-11
3424.53465179        2.63444588545e-11
4683.54042667        1.46851062001e-11
6405.41070793        8.00478294931e-12
8760.31433477        4.26684325078e-12
11980.9815082        2.2240701237e-12
16385.70403          1.11140789535e-12
22409.7914162        5.20351586998e-13
30648.5916257        2.41347548784e-13
41916.3280548        1.10894882299e-13
57326.5675323        5.04780674236e-14
78402.2718004        2.27623206851e-14
107226.30864         1.01684078878e-14
146647.297335        4.49999450278e-15
200561.131765        1.97284793106e-15
274296.003444        8.56836268709e-16
375138.975549        3.6865885932e-16
513056.148135        1.5713542763e-16
