58.473132247        6.64667750091e-07
79.9703628665        3.36350462291e-07
109.370897218        1.67932662815e-07
149.580328631        8.27244795612e-08
204.572471127        4.02057933835e-08
279.782083153        1.92796414587e-08
382.64197339        9.12147334681e-09
523.317569696        4.25781470461e-09
715.711547079        1.96093972793e-09
978.837799999        8.91040525625e-10
1338.7005458        3.99472044157e-10
1830.86426711        1.76697762786e-10
2503.96847533        7.71136808058e-11
3424.53465179        4.2569878085e-11
4683.54042667        2.51912884986e-11
6405.41070793        1.4361633583e-11
8760.31433477        7.8879252785e-12
11980.9815082        4.17375756319e-12
16385.70403        2.12763504667e-12
22409.7914162        1.04489472614e-12
30648.5916257        4.94371497765e-13
41916.3280548        2.53572433597e-13
57326.5675323        1.31856858153e-13
78402.2718004        6.85651464375e-14
107226.30864        3.56536578517e-14
146647.297335        1.85397885698e-14
200561.131765        9.64063102981e-15
274296.003444        5.01309744193e-15
375138.975549        2.60679470924e-15
513056.148135        1.35552494937e-15
