39.3884 6.57144e-07 4.6946e-08
64.0414 4.09665e-07 5.72124e-09
104.125 1.72000e-07 8.35794e-10
169.296 6.60007e-08 2.15325e-10
275.257 2.24126e-08 7.58059e-11
447.539 7.21114e-09 2.95711e-11
727.651 2.20758e-09 1.16796e-11
1183.08 7.20365e-10 4.68072e-12
1923.57 2.35566e-10 1.93256e-12
3127.52 7.36933e-11 8.02165e-13
5085.02 2.75583e-11 3.52098e-13
8267.71 8.41675e-12 1.44008e-13
13442.4 2.61572e-12 6.04568e-14
21856 9.93124e-13 2.77996e-14
35535.5 4.07167e-13 1.32929e-14
57777 1.48419e-13 6.31664e-15
93939.4 6.49806e-14 3.22598e-15
152736 2.13205e-14 1.49108e-15
248332 6.498e-15 4.85176e-16
403761 2.1144e-15 2.60915e-16
