      39.388     6.717E-07
      64.041     4.191E-07
     104.125     1.746E-07
     169.296     6.665E-08
     275.257     2.253E-08
     447.539     7.297E-09
     727.651     2.207E-09
    1183.080     7.239E-10
    1923.570     2.412E-10
    3127.520     7.895E-11
    5085.020     3.188E-11
    8267.710     9.261E-12
   13442.400     2.836E-12
   21856.000     1.088E-12
   35535.500     4.637E-13
   57777.000     1.578E-13
   93939.398     6.130E-14
  152736.000     2.120E-14
  248332.000     6.462E-15
  403761.000     2.099E-15
