58.473132247        5.88858517515e-07
79.9703628665        2.73359081292e-07
109.370897218        1.26366142826e-07
149.580328631        5.81704777664e-08
204.572471127        2.66654680048e-08
279.782083153        1.21722389196e-08
382.64197339        5.53307305335e-09
523.317569696        2.50459216999e-09
715.711547079        1.1289697645e-09
978.837799999        5.06759946638e-10
1338.7005458        2.26514981254e-10
1830.86426711        1.0082454199e-10
2503.96847533        4.46899905904e-11
3424.53465179        2.38780903225e-11
4683.54042667        1.36125019884e-11
6405.41070793        7.52608777557e-12
8760.31433477        4.03546476235e-12
11980.9815082        2.09850881116e-12
16385.70403        1.0583297198e-12
22409.7914162        5.17635608919e-13
30648.5916257        2.45538870768e-13
41916.3280548        1.06773646078e-13
57326.5675323        4.82146391951e-14
78402.2718004        2.17717715757e-14
107226.30864        9.83124721984e-15
146647.297335        4.43939169405e-15
200561.131765        2.00464886829e-15
274296.003444        9.05217958248e-16
375138.975549        4.087596411e-16
513056.148135        1.84579241574e-16
